794582136268931745315476982689715324432869571157243869821657493943128657576394218 1.9032 32
249186573735942186168375429512697348976834251483251967694723815327518694851469732 1.9131 1
653287941794631258128945376819724563236859417547163829965372184372418695481596732 2.8480 200
152479683368215974974638512416387259783952461529146837237864195891523746645791328 1.9209 1
894317265731526894562984173358642719247139586619758432173465928925873641486291357 1.9127 1
168295374529734618437186529312578496875649132694312785786951243951423867243867951 2.4312 93
597468132318927564642153897456832971821796345973514628735641289164289753289375416 1.8817 1
379521684284736519651498372732845961548619723196273845917364258425987136863152497 1.9272 1
526394871817652349394817526148736952632985714759421683975143268281569437463278195 1.8896 1
742698513816523947539714682381952764965847231427136859653479128174285396298361475 2.8769 199
184726539376859142925413786652137498713984625849265317591372864468591273237648951 27.2761 4063
715986423689243715324175968963418572841752639257639184132564897596827341478391256 1.8609 1
156938427427156938398472561534689712869217354712543896243891675675324189981765243 1.9554 41
582946731934187625671235849168492357345768912729513486456871293293654178817329564 2.1579 51
623815947479236185851794326934678251718952634265143798596387412142569873387421569 1.9208 24
762149853385672914194583762527316498946827531831954276453768129219435687678291345 2.9971 221
128397546397654812654218937786531294942786351513942678469875123875123469231469785 1.8573 1
569143287287965431413872695635729148872514963941386752326457819154298376798631524 1.8432 1
893426175426571398157938246512789634968314527734265981679853412241697853385142769 1.8991 1
289634751465719823713582649152376984637498215894125376321947568976851432548263197 1.8847 1
172945386854361279963278451531682947628794135749513862317826594286459713495137628 1.9059 1
781345629296871354345269187637412895958736412124958736563197248472583961819624573 2.0388 55
123647985958321674647895321572964138469138257831752496794513862286479513315286749 3.7510 322
416579823957823461382641795174395682529486317638712549243167958895234176761958234 1.9065 1
358179642642538971791264538935617284264893157817425396183756429429381765576942813 1.9221 7
879346152125987643634215879587639421243178596961524387752461938418793265396852714 3.5580 383
478359612265417893319826457784965321531274968926183574642798135153642789897531246 2.0057 43
982467315135298674764315298493751862517682943628934157341529786259876431876143529 14.1423 1619
358291647746385291129647385412569738965738412873124956537916824281473569694852173 1.9429 1
512763984679485231834129576951834762723691845468572193287316459395247618146958327 1.9056 1
538697142412385679967214853726541398384962517159873264643129785875436921291758436 2.0123 35
829547163574136298136289754463752819798361542215894376952413687341678925687925431 1.8906 1
398625174456731289721489356975148623263597418184362795619254837837916542542873961 2.0055 36
934715628651842793827936145518627934349158276762394851283469517496571382175283469 2.1774 1
713469852456182973892375614169253487274891536385746291541927368638514729927638145 5.1685 457
137892456289645731654173928863721549721954683945368217372589164416237895598416372 13.6581 1386
368914527752638914941257638236149875419785362587326149824563791173892456695471283 1.9357 16
823697415967154832514328697652831749471569283389742156196285374248973561735416928 2.3544 131
456712893813459762729863415384625179197384256265971384538146927972538641641297538 1.9293 1
752168349169345287834972615948731562315426798627589134481253976296817453573694821 2.1881 67
932715864586342197417968532169827345728534619345691728891253476674189253253476981 27.6049 3671
951243786673815249248967351389756124567421938412398567895672413726134895134589672 1.9207 1
146582973287349156395761248973624815851937624624815397718253469469178532532496781 1.9059 1
219537486375486291684129375167945832498263157523871649841792563956314728732658914 2.2028 73
416239785285167439397584612748953261932816547561742893173428956859671324624395178 2.5506 154
896572413752143689314698572967354128435821796128769354281437965549216837673985241 5.9278 757
739528416428176935165934782942751368517863249683492571351287694274619853896345127 1.9149 1
521683497439721856687549213968174325714352968253896741172935684846217539395468172 1.9225 1
254396871617458932938712456893265147741839625526147398162974583379581264485623719 8.7648 988
695341782341728569827659314536894271784216935219573846168935427452187693973462158 2.8443 188
417562938256389471938147265321956784574831629689274153165428397842793516793615842 1.9262 1
987354612216978345543621978698432751324715869175869423462593187731286594859147236 1.9169 1
945832176823617954716549832687254319351968247294371568572186493439725681168493725 2.1695 78
752163984498527136316948752579816243861432597243759861927684315184375629635291478 1.8791 1
563479218749128536281563479875632194914857623632941857126394785357286941498715362 3.2761 215
374285691619437582582169734267598413958314267143672859426951378795843126831726945 5.0353 562
968314752341752689527896134183467295674925813259183476415279368836541927792638541 1.9048 1
284136759756489321139572648463951287517824936892367514378615492925748163641293875 1.9143 1
326497581758316249149852673835164792294785136617923854962538417481279365573641928 2.8761 176
174582936582396147396174582645738291219645378738219654863927415451863729927451863 6.6936 765
284159736716342958395876124462513897978624513531798642857231469143967285629485371 14.9244 1744
749861532362945187518372469187529643956413278234687915493756821671298354825134796 1.9856 1
958764123746132589132895476315927648279486351864513297521678934497351862683249715 1.9941 27
453671829612839457798425316564193782931287564287546931829314675146758293375962148 1.9448 1
496231857752468931318579426641387295983625714275194683127956348834712569569843172 1.9256 1
142785639587963142936214785451632897829471356763598214615347928374829561298156473 2.3377 109
741563982639284517825971346492735168167849235358612479273156894984327651516498723 1.9391 1
543976128712835496698214537167459283329681754485327619871543962934162875256798341 4.5095 520
264579138583612974179384652312465897897231465645897213958726341726143589431958726 1.9538 1
941826573283175496765493128524689731316742859897351264658234917179568342432917685 1.9362 1
728391564563248197941576823132785946675914382894632715289457631356129478417863259 20.5450 2868
247381596569274183831965472498617235352498617716523948684132759975846321123759864 2.5407 157
351748926478692135926153784517864392234975861869321457782436519195287643643519278 2.7013 174
152387694837649215469251738983714562214563987576892341345126879621978453798435126 5.6751 659
297583641641729835385641972764152389813497526952368417539214768178936254426875193 1.9112 1
328945761459167382671823495296431857837259614145678923712396548983514276564782139 1.9795 1
718632549326594187495718632134975268567283491982146753671359824859427316243861975 1.9213 1
159268437473159628862347159341726895695834712287915346538472961916583274724691583 1.9099 1
146573829528169437379842516457236981981754263632981745293415678815627394764398152 3.3057 280
482396157369571482157284369895632714236417598714958236978143625643825971521769843 1.9940 29
395816247168724935247395168839651724472938651516247893721463589954182376683579412 4.9018 337
462518793813796542579324168354187629296453871187269435941872356635941287728635914 3.9807 298
731982456546173928829465173985236741174598362263741589397824615458619237612357894 1.9342 1
896321754213475698574698132729183465345267981681549273937814526168952347452736819 4.5685 508
728391645136245879945678132612753498894162753357984216579816324281439567463527981 1.9223 1
291356748478921365356478192537892416614735289829614573942567831765183924183249657 1.9796 32
365928741417653289289147536674591823832476195591382674148735962926814357753269418 1.9912 27
372864159984512367615937824238691475749325681561478932426153798153789246897246513 1.8743 1
675183942839274516241965387497328651168759234523416798754631829982547163316892475 1.9604 14
984167523615234987237859461346795812872413659159682734761348295528971346493526178 2.0353 41
137954286682173459495682137751829643928436571346715892863247915274591368519368724 2.7364 176
597146823382597164146283759418752396963814275725369418854921637671435982239678541 2.2092 110
254319867867542139931786425146935782593278641728164953472893516615427398389651274 3.6726 293
834219765291765834756348192365487219182693457479521386528934671617852943943176528 1.9110 1
981346257436257819257918346812795634645831972379462185763589421598124763124673598 1.9147 1
495768213326514879187923654239185746714296538568437921651379482973842165842651397 3.3822 254
816923457745186329392574816127869543589347261463251798678412935954638172231795684 1.9360 19
725198643198634275643257891582913467917462538364875912239541786451786329876329154 2.2348 103
534271986198643527762895413681329745329754861475168239913582674257436198846917352 2.5069 112
891345267247618593536927814489736152673152489152489376724861935368594721915273648 1.8778 1
738941256256738941419256738582694173694317825371825469865479312927163584143582697 1.8984 1
418637295673925418925841367831564972546279183297183546784312659369458721152796834 1.8975 1
973562841625148793481397256859714632714236589362859174198673425246985317537421968 2.3812 108
325918746781463295964752183158649372476325819239871564842597631613284957597136428 2.0269 58
734986251869125743521734986247698135156347829983512467415873692378269514692451378 1.8993 1
314892765267543819589176234752461398146389572893725146938657421675214983421938657 1.8689 1
972136485814725936536498712369241578128579364457683291643912857291857643785364129 1.8757 1
168352974759814623324976158647528391913647582582193746435781269296435817871269435 10.1751 1441
932648157684751329751293486479132865318567942265984731523419678147826593896375214 32.5921 4212
759346821162785493843921765971853246285694317436172589518267934627439158394518672 1.8933 1
164283597329576481785149632576428913831957246492631875647395128953812764218764359 1.9870 38
927635481418297365356814792194368257683572149572149638239481576765923814841756923 1.9002 1
247138569693425781518967432725694813964381275831752946372819654189546327456273198 4.8010 464
183259476274638591659714328415387269392146785768592143937465812821973654546821937 1.9014 1
643572819251849637798631245137928456465713928829465371384197562516284793972356184 3.4837 313
312785694957416382468392157634821975281579463579643218893154726726938541145267839 1.9376 13
792468351486315972351927684275189463819643527643572819967831245524796138138254796 1.9555 31
827643159346519287591278643459781362263954718178362495734896521915427836682135974 1.9498 1
815743629734296815629518473487651932961432758253879164378965241596124387142387596 2.0933 42
568143297341972658927658341684217539132895764795364182413529876876431925259786413 2.3584 128
571682943329514786648379215762841539493725168815963427256498371137256894984137652 2.0936 55
268971345579243681413685297694528173825317964137469528941756832382194756756832419 5.1225 576
736482591159736824428591367245319786891627435367845219583964172972158643614273958 10.2347 1248
735416928491328756862975143976154382328769415514283697689531274157642839243897561 1.9959 42
625798431143256798798314652461539287957842163382167945816923574239475816574681329 2.4883 113
138627549962145873745398612529483167473916258681752394217869435896534721354271986 8.6429 858
231479856486512397579683124712394685358261479694758231827145963945836712163927548 1.8638 1
473681925281975346596342781768513492135294678942867513627139854319458267854726139 2.5754 143
564827913178539264293164857816375492942618735357942681731286549629453178485791326 3.0952 249
743251698261984357598376421386527914412869735975143286659712843127438569834695172 5.5629 620
543968172876521349192437658938276415451893267627145983719384526384652791265719834 2.0488 46
983251467476398215251467389365714892714982536829635741532146978648579123197823654 2.5184 115
571269348348175926962843517653417892189532674427698135894751263236984751715326489 2.0161 40
294167385786453291135982746867295134952341678341876529423619857679528413518734962 3.6390 310
974381562318256794562479138253948671487615329196732845645127983839564217721893456 1.9308 1
567218349394675821182394576921736458846521793735489612258143967679852134413967285 1.9194 1
329158476168347295457296381213975648674813952895462137542689713986731524731524869 2.1201 53
692347185347158962851296734476913528528674391913825647235461879789532416164789253 1.8991 1
643521987179648523258379164924765831831294756765813249516487392392156478487932615 2.3529 119
589421736216873549374596821935182467647359182821647953492738615768215394153964278 2.5155 145
367425981524819376189376524615298743873641295492753618758132469231964857946587132 2.3058 101
317264958924815376865973142592348617476192583183657294658739421241586739739421865 5.2220 487
492837651615249738738156924984371562356982147127564389273495816549618273861723495 1.9374 33
925318746746295381813674592264537918581429673379186254432951867157863429698742135 2.0476 65
928173654365849712147265398412957836836421975579386241781694523253718469694532187 1.8876 1
618294537924357816573681924236948751795136482481725693867512349149863275352479168 2.8164 192
165378924389142765427659831694825317731496582852713649516984273948237156273561498 1.9021 1
684712953392586714157934826821457369745693281936821475418375692573269148269148537 6.9306 864
953246178812357496764198532275931684146872359398465217481529763639714825527683941 4.2714 458
764285139853179264912436785547318926381962457629754318436827591278591643195643872 1.9638 1
894526731356719842721384956419657328675238194238941567143892675587463219962175483 2.0011 1
432875916916324857875169324359246781748531269621987543563718492294653178187492635 3.1017 235
698421753153876294742359186426185937581937642937264815215748369369512478874693521 2.2813 90
853926174174835926629471358396758241582149637741263589268394715435617892917582463 3.4956 249
158496732732581649649237581325169478916874253874352196591728364287643915463915827 1.9532 9
824375916357691248169248357483952671716483592592716483275864139931527864648139725 1.9666 1
965321847847965132132487956281546379459173628376892514528614793793258461614739285 3.0892 221
649823751587419632213756498138547926926381547475962813364298175892175364751634289 6.3072 747
764891253532476918189352467425689371918537624673124895341965782897213546256748139 2.7110 146
932184675567329184814567932326758491149236857758941326493675218671892543285413769 1.8733 1
654289371137456892829137546361578429578942613942361758283794165716825934495613287 1.8895 1
856297143319468752742315986561784329487923561293651478124536897978142635635879214 1.9115 1
457893261162457983398162754974385612216749538835621479589236147641978325723514896 1.9014 1
926781345781543629543629187314978256652314798897265413238496571469157832175832964 5.7455 663
735196284169824375824375619392687451451239768687451932943568127278913546516742893 1.9482 1
571642938249358716368719254857126349426983175193574682712465893635891427984237561 2.4324 108
865792431341586279792314658973425186526871394184639527658943712417258963239167845 2.7368 115
398152674215467839476389251869543127134276598752891346581924763643715982927638415 2.1934 77
694571382852369147137482596276813459915247638348695721421738965783956214569124873 6.2596 592
524817693763592481189463752412978365356241978978356214837625149645139827291784536 1.9299 1
758162934146973825329584617571436298682719543493825761864397152215648379937251486 1.9016 1
938542167625317948741689532189435726267891354453276891316754289892163475574928613 3.5362 271
986742135725316849134958267497583612563291784218674953651427398342869571879135426 2.2721 94
962143578345678912178925634796582341251436897483791256527819463634257189819364725 1.9510 1
637259814184673529925418673476985231859321467312746958768534192291867345543192786 2.9035 199
492571638156843279738692145819425763673189452524736891287354916965217384341968527 2.0270 45
951842376634759182287361495429513768513678924768294531895127643346985217172436859 2.0336 41
267389541415627839893145726978463152521798364346251987752814693639572418184936275 2.6181 145
968327541731845296425916873384659712516278934279431658847563129653192487192784365 5.0815 495
182396547974852631536714982427963815319548276658127394865479123243681759791235468 1.8780 1
721894536356217948849563217597432681168975423234681759413759862675128394982346175 1.9531 28
852613794496872315731549826619438572583927461274156983928364157147285639365791248 21.9285 2783
375624189981573264246891357413267895659438721827159643162745938794386512538912476 1.9147 1
197264583358197624264853971843526719526719438719348265471635892982471356635982147 1.8972 1
618239457329754168745186392532891674196427583487365921251973846864512739973648215 1.9080 1
823917456465238791197564832978643215251879364634152978549786123786321549312495687 3.2375 286
538412967691873452427956138975631824316248795284795316142589673763124589859367241 1.9568 1
642591387731824695598367412156932748429786531873415926385279164217643859964158273 1.9976 40
328961475754328619916754832149572368673489521285613794531246987897135246462897153 1.9136 1
342159786519876423687243159928731564751624938436598217893415672174362895265987341 2.5436 96
231694587758231496946785132173528649582946371469317825624173958317859264895462713 22.7113 2987
194573628387162549256489317843296751962715483715834296579621834621348975438957162 2.2608 115
256938741147652398398741256972864513684513972531297864815376429763429185429185637 2.0422 56
582973614164582379397614852735149286628735491419268537253497168876321945941856723 2.1566 56
298673145456192783713485962624719538371856429985324671537948216849261357162537894 2.5005 109
864735912971862453352914876426593187539178264187246539698457321745321698213689745 1.9075 1
712934685835612974694857123463729851279581436158463297327196548546278319981345762 1.9362 30
573891462198264573426573918857349126349612857612785349731956284284137695965428731 4.6804 422
641829573982357461375461298439615827156278349728943615867594132594132786213786954 3.5992 266
849321765312576948657948213273819654465237189981465372194783526526194837738652491 9.8904 964
249376185581942376637581294965713428718429563324865719152638947496257831873194652 1.9643 1
475638192368921754219475386526147938983562471147389625831296547692754813754813269 1.9635 1
973142568846357129251689374362791485417568293589234716625913847798425631134876952 2.2578 81
389271465271465398465398271812759634654832719937614852543187926126943587798526143 1.9450 1
951438267476521893832796451298175346563849712147263985729614538684357129315982674 1.9651 16
165284937437619285298357641823491756576832194941576328659143872782965413314728569 2.4191 110
367128954145679823982354671871236549453917286296845137624593718539781462718462395 2.2195 64
974285163186347925532691784713452698425869371698173452841726539257934816369518247 5.5486 543
921386574345719826768245319289631457613457298574928163456173982892564731137892645 2.0598 48
835126947972483651641597238369218475514769823728354196193645782456872319287931564 2.1128 61
237168495159247638468539172623981754874325916591476283782693541945812367316754829 1.9431 1
481923567567418239932576184819354672354762891276189453748691325125837946693245718 5.5580 594
974356128365821497218497563547913286139682745826745931453278619782169354691534872 2.0052 24
345987216126534879978162453764293581581746392239851647492675138657318924813429765 2.6367 146
697354812453128697812679435761892543539746281284531976145283769976415328328967154 2.2094 77
158269347296347185734185269583924716972618534641573928367852491825491673419736852 8.2070 947
816359742793246815245187936531678429924513678687924351358462197179835264462791583 2.3436 104
921873546675491382438625971396582417582714639147369258759136824213948765864257193 1.9717 1
287913564931654287564728913476582139153497628829361475715846392648239751392175846 1.9461 1
981745362352961847764328591827514936195637284436892175279453618618279453543186729 2.6310 169
195362478643187952728954361864295137231678549579413826457821693386749215912536784 10.4514 1179
869275341527431689341968725416587932293614857758392164174823596682159473935746218 1.9123 1
837564219294173658516928743175386924623491587489752361358247196941635872762819435 1.9418 1
567938412194267358283154679472315896859426731631879524348591267926743185715682943 1.9924 28
836524197714693852529718634652431789987265341143987526398146275471852963265379418 1.9316 1
653724918249186375871395246964873152387512469125469783792648531516937824438251697 2.0261 45
498751326751623498263489715925147683147368259386295147872534961534916872619872534 3.5753 72
392784165615293847847156392951378426426519738738642951284967513173425689569831274 2.2015 1
873149256295376814614852379439761582761285493528493761387614925946527138152938647 2.3528 104
861543927357928146429176538713694285285731694946852371172469853694385712538217469 2.1406 61
964571832375862194821943576513724689742689315689315427437196258258437961196258743 2.0014 28
293158476518746239476239518861425793347691825925873641682917354134582967759364182 3.2516 68
367821954821594673954376218682137549713945826495682731136259487249718365578463192 1.9449 1
983761254452983671167524938639847125845312796721659483296435817574198362318276549 2.5373 134
163489725952713684487625931539846172216597348874231569325968417741352896698174253 3.1662 193
761345289589217463432896571128753694357964128946128357274581936815639742693472815 1.9861 1
632458917584971263197362845859246731713589426246713598375194682461827359928635174 3.6884 314
617489523498352617352176849126748395843295176579631284964813752285967431731524968 2.0120 1
163842957928375416754691832831567294692134785547928361289416573376259148415783629 4.1767 327
386245917157968432249371865892736541764152398531894276915487623478623159623519784 2.0004 27
475918623918632574263574189759346218132789465846251397527193846694825731381467952 1.9539 1
276358419193674285854912763537146892968723154421895376689431527312567948745289631 1.9902 1
671924583825376194394518267569832741147659832283147956756293418418765329932481675 2.7654 167
259473618874169325361582947735928461642315789198746253526837194483291576917654832 2.5795 100
321659784487213965956874312894762531612395847573148629145936278239487156768521493 5.2956 466
298156734561734829437289156859413267143672985672895341316948572725361498984527613 6.5583 681
394218765182765439576943218643159827827436951915827643459382176761594382238671594 2.9614 40
598462317173985426426317589214639875839571642765824931352198764647253198981746253 1.9331 1
862951374475863129391247586938716452527489631614532897756198243243675918189324765 1.9507 1
821756493749832165536194278963245781257681934418379652684517329175923846392468517 3.2888 201
679382514832145697145769283296438751483517962517926348924853176358671429761294835 2.1701 56
986415372237986451145273896812597643654321987379864125593642718461758239728139564 6.0670 655
479236815683514972521798634246357198198462357735189426954623781362871549817945263 1.9999 1
394781562265439178781265943132548796679123854548976321913654287826397415457812639 3.2730 195
451923867786541923923867145897136452235489716614275389542798631169354278378612594 1.9467 8
478369152269451873153782964317628495542913687986574321835197246791246538624835719 2.7722 227
279158634364792815851436279527843961483961527196527348912375486648219753735684192 1.9985 1
126975483539648712487123956845731629371296845692584371753819264918462537264357198 2.0034 1
951723648264958173378164259419632587623587491785491326592816734846375912137249865 4.5214 463
386214759412975863957368124571623498263489571849157632698531247724896315135742986 11.6319 1484
324861579768935142915724386491657238657382491283419657576248913139576824842193765 2.1029 39
487659321213847695695321478928513746746982513351476289564798132832164957179235864 4.1708 391
312756894984132657675984231523691478169478523748325169836547912457219386291863745 2.3098 74
491352867673984125285716943739241658528639714164875392947563281812497536356128479 1.9937 1
321758964694213857578946213167582439239674581845391726456839172983127645712465398 2.1657 40
218743596637295814549816273723458961184629735965137482852961347371584629496372158 2.0228 1
756182394328947615194365287537298146269714538481653972975421863642839751813576429 3.4347 195
985364127671529348423781965239847516748615293516932874852496731394178652167253489 3.0352 180
349678152185432976267591348628749513734156829951823764496315287813267495572984631 9.4063 1112
895432671672195843341786295534619782916278534287543916763854129129367458458921367 2.3672 81
813759462259614873476382159782536941941278635635941728368495217594127386127863594 3.3444 1
481573629239614857765928341928345716357162984146789532513297468694851273872436195 4.0410 47
827461953164539278395872461749286315213957684586314792931748526478625139652193847 3.7230 61
352698471986174253471235986297381645865427139134956728728519364613842597549763812 3.1756 9
597623481263184597148597623714835269629741358385962714876359142932416875451278936 2.1459 48
487635129592148673136972845675384291843291567921756384264517938759823416318469752 2.0469 1
859437261716952384234618579693571842571284693428369715347895126985126437162743958 8.9402 1159
841263957593478612726915348419582763367194825258637194932846571684751239175329486 2.3089 94
297436581145798326836521974319642857624875193758319642583267419962184735471953268 2.0261 1
589614327146732895273895416312568749758943261964127538497256183625381974831479652 2.1311 58
142375896735698241968124537813549672596732184427861359681957423259413768374286915 3.5095 203
694538127385217946217496853143862579862975431759341268531629784478153692926784315 2.7046 142
342157869157968342986243157674582931529431786831679524765394218418725693293816475 5.0843 607
734658291568219734219473658326891475891745326475326189657182943943567812182934567 2.1084 44
963714285241568397785293641594327168327186459816945732138652974479831526652479813 2.0583 32
695274381287135946431896725354619872718342659926587134872461593563928417149753268 3.5308 1
826379154913546782457281936675823491298415367341967825584792613762138549139654278 2.2587 70
395614287614872953278539614187253469523496871946781532769328145832145796451967328 10.9502 1223
571693428984271356632548917426319875857462139319857264743925681168734592295186743 3.0791 220
793845261846192735125736894958271643471369528632458179567984312289613457314527986 1.9850 1
749185362682937415531462879968524137173896524425713986317659248256348791894271653 2.1099 50
691487235325169784847352169183974526462531897759628341574893612936215478218746953 2.2274 69
697158342581432976342796518456923187238617459179845623964281735723564891815379264 7.5472 776
638245917254197836791863245816952473542738691379416582985671324123584769467329158 1.9279 1
162734985439865127578291643316589274984672531257143896845917362623458719791326458 1.9558 16
956721483824936517137854296692348751571692348348175962269417835415283679783569124 1.9115 1
574163298298754316361928475735496182416872539982531647853217964127649853649385721 2.0540 55
625384971843179526719526384392861745457932168168745293936457812281693457574218639 2.0466 52
958742163624381759317965284135298476846173592279456318592637841763814925481529637 5.4847 529
781639425936425871542718369175864932864392157293571648357986214618247593429153786 8.0990 781
916824375234157689785963124329746851651389742478512963842691537593278416167435298 1.9841 20
345786219876129534912354876429578163758613492163942758534861927297435681681297345 7.9821 815
195342876687591342423768159539814627276935481814627593948176235351289764762453918 1.8762 1
568479132479213856213865974635184297827956413194732568752341689986527341341698725 2.0148 48
658374219437291658192658743279165834561843972843729561714582396326917485985436127 2.1586 61
831627954794538126625914873479361285258749361316852497187495632543286719962173548 3.9753 406
845326791263791458719485263672859134138647925954213876381962547497538612526174389 4.1002 377
194625837652387194738419562287531946361894275945762381479158623526973418813246759 2.0993 39
687953124291486753534721689718645932329817546465392817146539278872164395953278461 1.9351 1
218937654365428971794615238859741362426359187137286549543172896981564723672893415 2.1703 67
165879423342615789879243516451362897738491652926587134287136945594728361613954278 2.2609 79
271659483569834172843172659432796518185423796796518324954267831627381945318945267 2.8473 205
621457893475389126389162457258694731946713285137528964814935672793246518562871349 1.9283 1
852463971179258643346971285918746532764325819235189467683597124491832756527614398 2.3540 120
476518293329764185851239476192687354564392718783145962615473829248951637937826541 3.7995 411
945213678876945321231678495319867542452391786687524139198436257563782914724159863 2.9825 260
413756892675982341892431576739618254254379618186245739541823967927564183368197425 1.9194 1
358129674961478253472653891594786132123594768687231549719362485845917326236845917 1.9357 1
438652971726189453519374862154927386297863514683415729842596137361748295975231648 2.5369 175
813256974946871235752349186685197423274563891391428567539684712468712359127935648 2.2204 79
317698452846215937529734186683941725254873691971562348195327864468159273732486519 2.8954 203
856412739413597628297836451382749516561283974749651283124978365978365142635124897 5.4251 573
798356214123498675546217398932541867487962153615873429861735942274189536359624781 7.2399 1012
834692517629751348751843296468319752193527684275468931582136479947285163316974825 2.0033 1
753198624168254793924376518376981245589642137412537986891763452237415869645829371 13.2502 1239
314672598782519634659483217528146973176938425943257861891325746235764189467891352 3.3905 230
485236917236791485917548623648159732591327846372684591729863154154972368863415279 1.9709 21
917253486684197352352684971421378569569412738873965124138529647295746813746831295 2.0863 52
821374569743659128596821374287193645465287913319546287932418756658732491174965832 2.4080 102
351986427426751893978324561597648312684132975132597648743265189269813754815479236 2.3023 87
796152438218743956543698127652917843839426571174385269965874312321569784487231695 5.8617 384
846971253523486179917235846198643725354127968672598314285314697431769582769852431 1.9524 1
918726453456139827327854196279615348631482975584973261162598734895347612743261589 17.5618 2339
875694132213587946946231758362158479581479623794362815159843267438726591627915384 1.9898 1
519837624347625891268491573754218369936754218182963457673549182495182736821376945 4.7211 418
173958246492176835865243719617325984589417623324689157948731562731562498256894371 3.6498 357
243179865865432179971685243652391784487256931139748526524813697796524318318967452 2.5038 111
318594627659372418742186359964827135875431962231965874187243596423659781596718243 2.2915 70
624718359871953642953426718239874561516392874748165293492587136167239485385641927 2.9589 744
513648927279351846846972531435769218168235794927184653652417389781593462394826175 1.0106 51
839271465417658392562943187194782653653419278728365941246837519371596824985124736 0.9422 1
318769254524183769976524813492617538687345921135298476851976342769432185243851697 0.9715 31
315827469964531827782694513857463192493182675621975384146259738579318246238746951 0.9581 1
472819635563742198819536724631954287728361549954287316195473862347628951286195473 0.9571 1
146253789235879416897164352478326591963581247512497863624718935359642178781935624 0.9822 33
612754893398261475457893621926148537735629184841375962563917248179482356284536719 0.9720 1
467395812581247369239816475614729583853164297792538146948652731375981624126473958 1.9361 384
294518367876243519153967824389621475615784932427395681938472156741856293562139748 6.8767 1558
892463157346175829571928364269814735753296481418537296685742913127359648934681572 0.9548 1
498317526157962483236845197962158374815734269374296815741683952529471638683529741 0.9512 1
178269345629453718435871962347125896896347251512698437983512674761984523254736189 1.7143 267
478139652526748931913562784782395416395416278641287593239671845167854329854923167 1.0600 55
493512867127368594685947231569281743374659128812734956241896375756123489938475612 0.9529 1
815764392932851674746293158683149527194572863527386941451628739379415286268937415 0.9579 1
258736149736914582941528763594263817613897425827451396362145978185679234479382651 1.0470 60
391762458672854913458193276563279184729481635184635792237948561945316827816527349 1.0413 63
645389712897124653213576984576931428128745396934268175382617549451893267769452831 1.1112 79
713956842256487931849231576172345689538769214694128753427893165961574328385612497 0.9400 1
195847263724653891863192574986571342351429687247368915632784159579216438418935726 1.2076 157
834197652719256843256384971528943167973561428641872395197428536365719284482635719 0.9488 1
853942167761358942249761385375216894126489573498537621687123459532894716914675238 1.0262 60
783619254245873619169542873872954136951367482436128795528796341314285967697431528 2.2672 409
276584319854193726319762458985327164641958237723416895538249671492671583167835942 0.9405 1
296718453178453692453269718829641537347582961561397284712936845934875126685124379 1.1014 105
672493581439185267815726943751934826394268175268517439146879352523641798987352614 2.9182 581
935126847261487953874953126689742315153869472427315689598671234342598761716234598 0.9468 1
954367821816429537372581694541293768283674159697158243428735916735916482169842375 0.9863 42
431769582285431976679285341396148725152673894847592163713826459924357618568914237 1.2006 110
746912358921358746538467219689745123317286594452139687873591462265874931194623875 0.9933 36
675913482482657931391248675817362549263594718954781326749125863528436197136879254 1.0659 77
549283671678941352321567948185492736937816524264375189413729865856134297792658413 1.2860 113
539472816276183954148569723492736581851924637367815249615398472724651398983247165 0.9396 9
286145793579632184134789256425896371618327945793514628862951437347268519951473862 0.9502 16
567128349934657182281493576346875291752916438819342765195764823423589617678231954 1.3488 118
382746519467519832915283647254897361731625984896431725543962178629178453178354296 0.9882 34
641352897325987641978461352259836714783149265164275983836714529497528136512693478 0.9382 1
294185736875936124136742598581394267927651843463278915312567489658419372749823651 1.4823 191
953724168471896352286531749539162487748359216612487935894215673367948521125673894 0.9565 1
894637521763215489215849376386524197542791638971386254639458712127963845458172963 0.9553 5
879645231465213897213798546392486175157329684684157923738562419521934768946871352 0.9497 1
134872569256193874978645231681537942729481653345926718817264395593718426462359187 1.0504 43
813594276459276183627381594371649825582713469946852731295168347134927658768435912 0.9490 1
543269817296817354781534629675341298829675143314982765432796581967158432158423976 0.9537 1
516243879798516324342897561935761248824935617167428935251384796483679152679152483 0.9556 1
823495176549671382167382549354729861791856234286134795472913658935268417618547923 1.0345 44
518932476927486351643715892754861923186293547392574618269347185871659234435128769 1.1437 83
761294835294853176358671249617425983425938617983167452546782391139546728872319564 1.5343 280
187253496253694718649178253415936872728415369396782541972341685564829137831567924 1.7001 379
168374925279568431453192678791685243386247159542931786614823597937456812825719364 0.9392 1
364815972971246385852379461138792654546138297297564138483651729615927843729483516 2.0791 496
132579486946283715875641392693824571751396824284157963327418659418965237569732148 1.3552 180
431625897987314562625798413753942681246871935819563724598137246162459378374286159 1.0859 67
489672351532148769716539842341726598958413627267985413125867934893254176674391285 5.0014 824
497361285631825749258794316142657893765938421389142567976483152514276938823519674 1.2304 114
294531786617824953385697421876349215123765894549182367458913672762458139931276548 1.0192 66
874165923532479816619823475721698534958734261463251798387946152195382647246517389 1.7782 346
674213598213598647859467231962735814735841962148926753397684125521379486486152379 1.7788 369
148769253652843179973251684735692418481375962296418735869134527527986341314527896 0.9417 1
758643192192875463463921857379518246681432975245769381524387619837196524916254738 1.7874 301
682379514397541268415826973274693185136285749958417326829154637561738492743962851 3.5393 836
748932615561784329932516478195467283687293154423851796256379841379148562814625937 0.9393 1
895123764746589231132467859481796523253814976679235148924371685317658492568942317 1.6701 330
957183264168425379342769518613274985289516743475398126831942657526837491794651832 0.9645 24
832465917461987325597123864725639481183274659649518273318746592256391748974852136 1.0523 47
581379246379264851246815973627581394815943762934726518192458637763192485458637129 1.4686 262
875349261632175948914286357356894712127653894498721536243518679581967423769432185 1.5727 245
593741682217698435648325179465917823971832564382564917759183246834256791126479358 0.9557 1
235687914786149235149532876893254761471968352652371489314825697967413528528796143 0.9816 34
732165984651489237489732651847253196325916748196847523578391462264578319913624875 1.0240 63
186425739937816524524397681859174263742963815361582497695738142418259376273641958 1.2136 140
241793856568241937793568214872415369419836572356927148184652793937184625625379481 0.9689 1
689521473715934286423786951178369524254817639936452718591248367367195842842673195 1.2615 146
439621758175983642826745391351872469297364815648159237962538174583417926714296583 0.9436 11
874569123965321748312847965549718236623954817781632459496273581237185694158496372 1.1426 117
375681924619524783248379156527438691963157842184962375731845269492716538856293417 1.6186 259
621738549597614328483592761162479835359186472874325196946853217218947653735261984 1.9914 401
894762531761539284532841697189456372327198456456273918275314869643987125918625743 1.1797 91
987152364251463978364798512572819436198346257436527189849635721715284693623971845 1.0676 64
941328576736519824852746931195832467283674159467951382374165298518297643629483715 2.4510 492
861543297927861345453729861275416938198372456346985172689237514514698723732154689 1.0310 62
436189275817325694259647183591268347374951862682473519725896431148732956963514728 1.1440 96
942168375761395248358427916895674132674213589213589764436951827189742653527836491 1.2128 99
125437896468921573739658214351264789297385641684179352516842937973516428842793165 0.9387 7
198426753462537981357981426584219367673845219921673845219754638745368192836192574 3.0930 530
341872596569314287278965143982456731157293864634781952723549618496128375815637429 1.5071 281
389714256764528913521369784648152397295837641173946528916475832832691475457283169 1.0484 80
387219645614573928925486731746198352152347869893652174439721586271865493568934217 1.3283 169
127684953953217468846935721764852319319476285582193647638549172271368594495721836 0.9533 1
298516437416378952753492186925681743381724569647953218139265874874139625562847391 1.0850 69
694583217385217964172694853958172436736458192241369785529731648413826579867945321 1.0033 51
649182537753694128128537469832945716597316284416728395981453672265871943374269851 1.0302 57
927364158635918724184257936568492371713586492249731865871623549456879213392145687 0.9409 1
865419723273568194194237586951342867326871945748956312489725631637194258512683479 1.6832 324
372485196148692357659317428927546813465831972831729645216978534593264781784153269 0.9593 15
275814396418936572693527814382179645156482937947653128761345289534298761829761453 1.2575 163
593426871462781359187539426341695287856372194729814563274953618618247935935168742 0.9854 25
718546923469723815532981674324697158976158432851234796693872541287415369145369287 0.9413 1
467983512285167439193254876351872694846319725729546381578491263612735948934628157 1.0218 51
731895426684123597925746318849631752162457983357289641478562139596318274213974865 0.9622 1
254397618719468352368512497476981523892735146135246789921674835547823961683159274 1.5399 1
726539418985147263143862975618973524259418736437625189561784392892351647374296851 1.0491 54
325867941861492375974351628293618457517249836486735219148526793652973184739184562 3.5489 830
598726134726143589431958762813692475945837216672514893289461357357289641164375928 5.7292 1359
165372498984615237327849615279451386658723941431986752593268174842197563716534829 1.5567 233
728459361631287954954613287389146572145972638276835419497561823863724195512398746 1.5956 267
781342569659187432243965871416238795832579614597416283365821947974653128128794356 1.9350 387
451936728369872145728415936813697452596324817274158369945763281637281594182549673 1.2651 138
243517689918246753756839241197653824824791536635482197569378412382164975471925368 0.9739 13
917253648352648971468971235839567124174382569526194387245816793793425816681739452 1.0248 51
765938241132547968849126735628351479457269813391874652216793584584612397973485126 0.9550 1
413578926726194358895623417254961873387452169961387542638215794149736285572849631 1.2122 82
924367185375189246186254739897541623632978451541623897259416378763892514418735962 4.3692 1297
968137452253948176471625398385496721694271583712583649846359217539712864127864935 0.9588 1
264789351879315426135264978491823567657941832328576194912638745546197283783452619 1.2123 126
879623541236451897514978623148569372692837154357214968921785436463192785785346219 1.3141 100
762481395953267841481593627837614259294358176516729483375142968649835712128976534 1.7183 357
241758369597263184836914572125379648684521793379846251462195837758432916913687425 3.5094 811
943156728651728943827934615382675194765419832419382567598241376276593481134867259 1.2995 160
735198624462753819981624753614985237327416598598237146276341985153879462849562371 0.9686 16
617439528895216374243857916438791652721568439569342781154623897382974165976185243 1.0409 66
398417265625938471714256389169574832572183946483692157931865724257349618846721593 1.1323 74
263157498498623517175489236317264859984315762652978143826591374539742681741836925 0.9579 1
326487159951326847784159632873912465465873291192645378239568714547231986618794523 1.0782 68
276394518398165274541728639157286493689437152432519867713852946924671385865943721 1.6411 274
492158637615732984873964152721685349569341278384279561956817423147523896238496715 1.0914 72
129854736854736291736921854648379125972518463315642987483195672591267348267483519 1.0403 46
872613549951472386436589721143268975628795134795134268589326417267941853314857692 2.7712 565
936215487748963521152478369813542976679381245425796813364857192587129634291634758 2.1209 431
572981643634257198918463725291876354465139287783542961359614872827395416146728539 1.5079 1
624317895158629347937584612519436278872951463463872951786143529295768134341295786 1.0174 41
713985624246173598958462713364259871597841362821637459472518936639724185185396247 0.9936 42
926357184357418692184629573569783421738142965241965837412876359895231746673594218 1.0424 27
985473126637128594241569873352917648179846352864352917593284761728691435416735289 2.0922 348
351697842249851763687342519124576938738914625596238471472185396915463287863729154 2.1261 246
195872634384169572726534981613457298978326145452981763239618457547293816861745329 1.2964 172
396482175482715369157639482541826793628973514973154826835291647214367958769548231 1.0548 45
725934816981756342346182975817463259259871634634529781172648593468395127593217468 1.0279 50
729453618618729543435861792297534186543618279861972435382146957954287361176395824 1.4416 173
462397815185624397937815624593278461614539278278461539341982756756143982829756143 1.2174 116
253987164741653289698241357374516892982374516516892473827139645169425738435768921 0.9634 1
169384275425971386783256941897132564614895732532647198956413827278569413341728659 2.6548 632
648291735317645298952738164476312589895467321123589476539874612784126953261953847 1.8346 282
397251648521846793846379251782493516439165827615782934964518372153627489278934165 7.8788 1895
641758329785923461293614875518362947327149658469587213174896532932475186856231794 0.9780 27
573162498894537216162498753721983645648275931935614827489356172256741389317829564 1.5605 230
413259768925786134768143925641392587392578416857461293276814359539627841184935672 4.9663 1221
437891652562743891198256734921584367854637129376912548283475916619328475745169283 0.9814 32
147269853853174692269385471675812934482793516391456728538627149726941385914538267 1.0258 51
752634819819275463463189725387946251526718934941352687198423576675891342234567198 1.4628 208
962845317185732964347196582579263148814957623623481759296578431431629875758314296 0.9606 1
852397461913264578467815932684132759231759846579648213325486197148973625796521384 1.3724 209
491328657765941328283657149346592871158473962927186435632815794519734286874269513 1.2491 102
698427135315698247724531968537142689269385714481769352142876593953214876876953421 0.9426 1
158947326632518497947236851286753914491862573573491682724689135815374269369125748 1.2691 150
587429316926731854341685729214978563798563241653142987172354698869217435435896172 9.7277 2634
863254719195873642724916835618795423579432168432168597941527386256381974387649251 1.2644 97
857139462931462785462875391514628973789543216326791548248317659173956824695284137 2.9417 740
387629154612547398459813267176985423243176985598432716924758631735261849861394572 0.9642 1
532416879614897523987532416875621934126943758493758261761289345259364187348175692 3.3426 723
978534621614279538352186497265317984139842756847695213591763842723458169486921375 1.0322 40
215764398476398152893521467754132986321689574689457213162973845937845621548216739 0.9844 1
947638152521749683836152974792864531468513297153927846389276415675481329214395768 0.9730 1
185629437437518926629347581271983654546271893893465172754836219912754368368192745 16.6892 5287
437962815962851473158734926279548361845613297316279584621495738784326159593187642 1.8231 260
126349587857216943394758621582961374743582169619437852275693418961874235438125796 1.4366 220
273516948615894723894273165527681394481329657369457281142938576756142839938765412 1.6486 271
812736954634195728759284361943578216261943875578621493187469532396852147425317689 1.0069 40
276854931458913276193276584314562897629738415587149623835691742742385169961427358 1.2095 85
691735842745928316823416579254681937167593284938274651489367125512849763376152498 0.9550 1
647592183819364257325187469971643825258971634436825791763219548584736912192458376 1.2046 125
157964823823157946694238175271349658586721394439685217718596432345812769962473581 5.1922 1117
829154763763928541145376298691285437437619825258743619312567984586491372974832156 0.9623 1
685491372239675481741328659967153824153842967428967513376284195812539746594716238 0.9597 1
934617528716825394582349671125986743473152986869734152641598237398271465257463819 3.9964 773
285136479493872615716495382958241736367589124142367958574923861831654297629718543 2.0955 438
159478623287635491364291578931742865542863719876519234795186342618324957423957186 0.9493 1
764815923815239647293467185456172839389654271127983456541326798978541362632798514 1.1682 93
346592187529817364718634529684951732951273846237486915165349278493728651872165493 1.0072 48
457382169832619475169457238283976514541823796796541823624135987315798642978264351 1.2362 124
634582179179643582582917346325496718491875623768321495813759264957264831246138957 0.9934 46
618735249547296813392184675721568934456913728983472156164857392239641587875329461 0.9519 1
372514689451896237698372541785461923239785164146923758564139872813257496927648315 1.0428 65
892536147347891562561274938276943815134785296958162374725419683689357421413628759 0.9636 1
692345187534718962187926534326451879851297643749683251213564798975832416468179325 0.9678 1
513729864846513729927864135174938652368245971295176483482651397651397248739482516 0.9770 1
785163942934728651162945837593471268821596374647832195416387529259614783378259416 1.2028 100
489356172536721849712984536197435628348162795625879314273548961954613287861297453 0.9604 1
167523849984176523325489671798315264642798135531642798476831952213957486859264317 2.6447 621
895716234613248759274953861986324175432175986157869342761582493348691527529437618 1.7146 238
237486195648195732519327684781263549926548371354719826465832917872951463193674258 1.1906 95
635174892214986357879235614581762439367549281492813765948657123123498576756321948 1.1735 85
928754163475361928361982475196847532284635791753219846512493687647528319839176254 1.0851 70
325147869674839125189526437592483671863971254741265983217654398456398712938712546 1.6745 188
916853247427169835358274169731486952295731684684592713849317526173625498562948371 1.1112 72
796352418253418796148967523917586342635249871824173965482731659569824137371695284 1.0221 38
563214789742839615918765243156973428379482561824156397697321854231548976485697132 0.9730 16
239874615784561932615392847578913264192456783346728591967145328453289176821637459 5.5105 1506
142693758865714293973258614256381479318479526794526381687142935421935867539867142 1.0551 63
596428173147639825238175469712386594385947216964251738451793682629814357873562941 1.3292 143
327491856149856237568732149693518472781624593452379681915243768834167925276985314 1.0402 55
861345279432879516975621438728934651516782943349156827184563792297418365653297184 1.0257 44
432678591695321748781459236543217869817936425269845317954182673128763954376594182 1.0830 66
293518746851476293476923518512384967687159432349762185164235879728691354935847621 0.9502 18
617329584398457621425618739286174953953286147174593862762831495549762318831945276 1.1155 84
859632147236174859741895632125948376974326581368517924493781265687259413512463798 2.1219 479
496175382785342196312986457547891623823654719961237548178423965659718234234569871 0.9866 26
318624579624759183759183264286947351475231896931865742867412935592376418143598627 1.0203 48
915823746728465319634719582159347268286591473347682195593178624472936851861254937 1.3689 120
581497632796235148432168957875914326624783519319526874943852761167349285258671493 1.3894 182
513628794682497351794531628836159247457362189129874536975286413348715962261943875 0.9671 13
637518294518492736429367518954783162783621459162945873876134925295876341341259687 1.6252 267
354218697218976354769453812496321578527869143831745926945632781173584269682197435 1.0229 61
369415782175892364428367195234179856791586243586234917847621539953748621612953478 1.5076 223
927145683146837952358962174581694327694723815273581469769358241812479536435216798 0.9763 21
392815476165437892487269153214378569873956214956142738538794621749621385621583947 0.9670 9
198576432756423981423891657671935248842617593935284716287359164514768329369142875 2.2285 491
485126937162397845937584126216973458793845612548612379351768294674239581829451763 1.9494 358
425681937793542186168973425972315648531864279846729351289137564317456892654298713 1.0141 42
187624593652389174439157682814795326526831947793462851975216438268943715341578269 0.9479 1
869172354721453689435896127172685493596347812348921576283714965617539248954268731 0.9814 1
952346178463781952178529364846197235521463897739258641297615483615834729384972516 0.9657 1
487536192612894357593172468348259671761348925925761843839427516256913784174685239 0.9657 1
291643758643875291857291436536127849179458623428936517714569382382714965965382174 4.7596 639
539481276148276359267593814623714985895632147471958632914325768352867491786149523 0.9394 1
279156834148739526536284917685913742394872651721465398917328465853641279462597183 1.6478 293
715496823483217956962835147634159278891372465527648391379584612146723589258961734 1.0940 72
947635218683241597125897634712459386594386721836172945278964153351728469469513872 0.9450 22
359872146278641539614359872732164985146985327985237614867493251423516798591728463 1.2262 123
397815642562497183184623975249358761835176429716942538453269817921784356678531294 0.9772 37
917283645354671829862495371429816537586734912173952468231549786745168293698327154 0.9517 1
691538472835247619427196583589614237273859164146372895758921346912463758364785921 1.4938 216
831265974476819532259374816384192657567438129192756348615927483928543761743681295 1.2475 145
875963241961482357243571698426798513197635482538124976319257864752846139684319725 1.5044 220
365729481241856379798143526579681234123475698486932157812594763954367812637218945 1.0320 49
597312864418567392326498175973251648684973521152684937239145786761829453845736219 1.0828 67
752836941683491527941752638829145376514673892376289154437968215298517463165324789 1.2292 133
687253194421978653593164782816549327235781946749326815168435279374892561952617438 0.9398 1
813952647647381529925764831279615384584239176136478295391846752752193468468527913 2.1292 546
352918674489736125617425938824371596573869241961254783745682319138597462296143857 1.0187 42
216738954974215638358964172821453769439176285567829341793542816685391427142687593 6.9505 1465
641587329389214567527963841856791234192345678734826915915672483273458196468139752 1.0447 66
284735196379162458516489327158397642962854713437216985645978231793521864821643579 0.9404 1
278435691519682347463971528347269815851347962692518734726153489984726153135894276 1.5784 212
149627853365189247728543196481372569596418732237956418974261385853794621612835974 0.9400 12
168279453259143876473685219946851732817432695325796148632917584794528361581364927 1.4950 194
216849735753621894489753216832596471947138562561274983174965328695382147328417659 1.7477 294
142896537378215649659374182826941375917583426534627891293158764461732958785469213 0.9740 31
574962318962318457183754269896147523235896741741235896317429685628571934459683172 1.3741 189
473261895298345617561987342952418736184673529736529184845196273619732458327854961 1.2695 132
873215649249678531651394287514923876386547912927186453432861795168759324795432168 1.7871 283
513429678678531924492678153859362417721954386364817592147296835936785241285143769 1.5863 309
741835269269174358835629741574912683398467125126583497483756912912348576657291834 12.9689 3310
269854371518732496374196852921685734843279615756413289132568947685947123497321568 0.9485 1
876345219925187634341926578453618927682739145197452863239871456718564392564293781 1.8921 389
863917425129845367754632819487329651392561784615784932931276548276458193548193276 1.0597 65
326978541145263879978415236783594612462381957519627483894132765251746398637859124 0.9988 55
394675812275841936861239547137492658542768391689513274756984123423156789918327465 0.9373 1
925783614784961253136245789893657142562194378417328596359876421678412935241539867 1.4340 144
429871536361245879587369142973186425245793618618452397732518964156924783894637251 1.0072 48
821975436597346218634128795452839167983761524716254983269487351375612849148593672 1.1780 92
165842973284397651739561482673984125842175369591623847357416298428739516916258734 0.9373 1
418963527362758491579412836783124659295637184641895273954386712127549368836271945 0.9824 31
152789436976534812834216759589461327723958641461327985298645173317892564645173298 1.8133 250
971364285528179346463285917349721658217658439856493172185942763694837521732516894 1.0113 43
594712638673498521281653479417825963825936147936174852349261785162587394758349216 1.3967 186
651834927479512368328769415135928674746153289892476531967385142214697853583241796 1.1975 135
963714852247859631851326749526493187739185426184672593375968214698241375412537968 1.7402 247
512347968743698521689251437137564289456982713298713645871425396364879152925136874 1.0528 57
986325714714986253325471698632149587849752136157863942573298461298614375461537829 1.0478 51
682371945497265183351984627516492378749538216823716594238157469964823751175649832 1.5027 180
365712489412859637789643152691574823574238916823196745247361598936485271158927364 1.0241 43
618435792932718654574962381467293815293581467851647239789126543345879126126354978 1.1905 109
286753149735194682941628375198475263623981754574236891857319426419862537362547918 2.6127 490
276814395189536274453729681562183947794652138318497562631278459845961723927345816 0.9627 1
815649723469372158732851694693785412248196375157423986521964837974538261386217549 1.8419 340
359647812768219543214853679873921465921564738645378921582736194496182357137495286 1.3750 196
796528314842137695135694287954783162261459873387261549673842951428915736519376428 1.0285 59
569287134371495628248631597826549371415763289793812456954128763637954812182376945 1.0800 88
943827165561394872827615394286531947739482516154769238418956723695273481372148659 0.9653 21
874932516639154278215768943943271685586493127721586439392647851158329764467815392 1.1899 109
518972643364851972927643581789526134156437829243189765632715498495268317871394256 0.9495 1
395827164681534792274916853427358916853169427916742538162485379549273681738691245 1.2861 188
871594362493672815562183497384917526156248739729356184615439278247861953938725641 0.9460 1
851437692734629581629851473468572139215983746973164825346795218597218364182346957 1.2357 98
469753218735218694812694573591326487374589126628147935247861359186935742953472861 0.9484 1
156932874948571362372846591721394658695218743834657219413725986569183427287469135 1.0855 63
592476138813925674674831925761382459459617382328549761135264897246798513987153246 1.1222 94
423758916179623458658491237541879362392516784867342195235167849984235671716984523 0.9839 25
185923647739416528642578319916852734473691285528347196397185462264739851851264973 1.6347 206
278653419153948672469721583395472168814369725726815934631584297587296341942137856 0.9396 1
874631592631592847592874613253149786467283159189756324928365471345917268716428935 1.4560 219
542938617176254839389761425261479358753816942498523176624387591915642783837195264 1.5678 291
981725634327496581564381279436579812872614953159238467215963748693847125748152396 0.9732 27
371695248659284317248137659983512476524876193167943582715328964492761835836459721 0.9860 36
147598362295163478386427519569381247423679851871245693618952734734816925952734186 1.0011 35
241935678786142539593678142935781264817426395462593781629817453154369827378254916 0.9807 21
296341758143785692875692341462517839938264517517839264329476185781953426654128973 1.2782 146
748315269965872134231946578523789416197564382684123957812457693459638721376291845 1.1832 120
978362541145789632263415798514927863796834215832651479481296357357148926629573184 1.0116 44
145239768896475132732618945328164579957823614461597283573981426219346857684752391 1.0396 78
652431897973258416148697532539762148214983765786145923861379254425816379397524681 1.7855 356
327658194568149327941273586692517843715834962483962715876495231159326478234781659 1.1062 89
243715986851964732796238514912853467365497821478621359627389145189546273534172698 0.9546 1
368915724519724368724836591872569143653148972941273685196452837485397216237681459 1.5413 1
256984731987631245341257869523178496469523187178496352794815623815362974632749518 1.3721 1
126954378458673921739218456672395814915487632843162795384721569561839247297546183 0.9848 34
597823641286514739314697528172946853648352197953781264465138972731269485829475316 1.0026 37
468215397321879654795643821954321768682457913137968542513794286279186435846532179 4.5022 1032
713946285954218637628753419365487192847129356291365874176894523489532761532671948 4.6588 1260
825619743916743852473528916759132468642875391138964527591287634367451289284396175 0.9668 36
659318247872456931143279586798562314524831679316947852965184723437625198281793465 0.9494 19
198325674623794158754681239319847526265139487847256913972413865431568792586972341 0.9471 1
716439285394285176825167934269374851473851629158926743542698317687513492931742568 1.5670 264
841953627359762841762814935634581792985427163127396584493675218278139456516248379 3.1152 648
291745386386291475547386912473518269815962734962473158154827693728639541639154827 0.9412 1
742539816519862473638417952475283691196754238823691547251346789987125364364978125 4.6834 1171
396425178247819356185673429634587291758192634912346587479231865521968743863754912 0.9585 1
951267438374518629862349157598421376617935842243786915126854793785193264439672581 1.7720 317
167293845893514762425687193736142958518369427249758631971425386354876219682931574 4.0664 1046
921356478385174926476982531214567893863419257597238614658793142132645789749821365 0.9715 29
821369547547218639936475281762531894153894762498627315374156928619782453285943176 0.9726 31
756843192943521768128679354875936421631284975294715683362157849517498236489362517 4.5943 1064
781493562954612783263758194438167925125389476697524318812945637579236841346871259 4.1530 1059
697148235143257968258369147376591482519482376824673519435726891962814753781935624 1.2672 154
952431876378652149461789532719368254245917368836245791193876425524193687687524913 0.9402 1
719482365635917284824635197196528743347169528582374916471893652268751439953246871 3.4708 846
215736498936482175748591236891324657567918342423675981382147569154869723679253814 0.9786 27
613725489275498361849163257932617548584932176761584932426379815158246793397851624 1.4234 198
256174938714983562389526417561842379892357641437691285623715894975438126148269753 0.9614 25
821957634647832159395146287572369841963481572418275963136524798254798316789613425 1.0009 44
987524316452361798136897425365489172821673954794152683619235847273948561548716239 1.1868 107
921648573846357192375291864593874621162539487784162359239485716418726935657913248 1.8418 59
523681794819745236764329851982137465371456928456298317247513689138964572695872143 1.8405 19
568193427174825396923476158712648935635719842489352671897264513246531789351987264 1.8367 157
612798534879354162345612978584976213231485796967123845756849321498231657123567489 1.2254 26
423571689689432157517869324261943875395287461748156932154628793976315248832794516 3.9743 462
316278594874159326592463781158792643467381952239645178721534869683927415945816237 3.7731 320
947328615325619487186547923514763298673982541298451376762895134431276859859134762 1.5248 1
945317268173628594286459137527943681314286975698175342459861723732594816861732459 6.3093 483
216873495378594621594126378132459786459687213687312954965741832741238569823965147 0.9752 33
627591348198243576534867219856724931419385627273916854985472163341658792762139485 1.4415 158
285417396967325814143986527621573948839264751574198263496732185318659472752841639 0.9556 1
254678391913425867678913254341789625789256413562134978136897542425361789897542136 0.9639 1
823514796415967823769832145246753981537189462981426357378295614154678239692341578 2.6362 492
395762418418593762627841953281659374956437821734218695849175236172386549563924187 1.0486 69
359168742724395861186274593432689157571432986968517234647951328215843679893726415 1.4238 173
412897635365421879798536412629354187543178296187269543951683724274915368836742951 6.5169 1456
413529678987634152652781394739812465546973281128456739261398547395247816874165923 2.1346 394
179463258648925173253187649482351796531679482967248315396514827815732964724896531 0.9980 30
249176358675398421138425976917632584854719632362584197521843769796251843483967215 5.3767 1267
681254397942783615573961284416839752358627941729415863167348529295176438834592176 1.6450 234
386457291574192368921386754163875429249613587758924613697541832832769145415238976 1.2777 135
256734918487192653193865427372941865914658732865273149629517384748326591531489276 1.1482 83
751392846436581729982746513817235694594618372263479185679823451145967238328154967 6.3198 1088
758429361412836957396715284183542796675198423249673815564987132937261548821354679 4.0447 877
694183572813752496257946183176834925485629731329517648532491867961278354748365219 2.4515 168
927568134854319267136427985582943671671285349349176852498731526265894713713652498 3.6753 727
275984613948136275316257894127563948583492167469871352654329781892715436731648529 2.2286 382
814923756796154823235867914459386271172549638683712495328475169547691382961238547 0.9538 1
813659274274138596695247813156723489932481657487965132361594728728316945549872361 0.9741 26
349827561615439827728516439153678294962154783487293615836741952571982346294365178 1.2060 85
439268751862715943715349862381697425524183697976524318653472189197856234248931576 2.8561 678
412537869963184527785296431156872394827943156394651782548729613679315248231468975 1.5252 182
324867519587192463691543872162359748953478126748216395819725634436981257275634981 1.2048 113
978165324526374981134289576843751269715692843692843157457938612361527498289416735 1.3363 109
967583241435261987812749635796135824583624719124978356251397468349816572678452193 1.2683 159
892571346457263981361948725523614879176892534984735612618457293735129468249386157 8.2296 2238
947351826286794351351826974895162743734589612612473589179235468468917235523648197 0.9481 1
972635481536841927184927365498216573263574198751398246619483752827159634345762819 2.5077 531
245967138396184527718352946457629813839741265162835479624578391571493682983216754 1.1793 105
368592471475183692129467385742956813596831724813724569937615248651248937284379156 0.9462 1
321856947749132685658479213875914362436725891912683574567391428193248756284567139 1.0195 39
751264398389517246642983157196425783425738961873196524234679815518342679967851432 0.9993 45
293518746476932518851674293512496837964387125387251469745163982628749351139825674 1.2216 114
247385961863921547951764382372196854685432179194857623518249736439678215726513498 0.9991 45
147829536362514897958367142283956714714238659695471328821643975436795281579182463 1.1010 66
932864571158729463647135928273941856586372149491658237865293714329417685714586392 0.9446 1
695438712271695438843127659486912375537846291129573864752389146364251987918764523 0.9535 1
638925417529147683147863592215479368974386251386512749861234975453791826792658134 1.2158 101
617593842942867513358124796429718365536942178871356924293481657765239481184675239 0.9517 1
962843715438517926175296348381925467746138259259674183517362894894751632623489571 1.2352 147
379468152281795346456132798928647531647351289135829467713984625594216873862573914 2.6538 619
938726541672145893154938726387562419419387652265491378526879134841253967793614285 1.7559 310
975361248462875319138429657627538491351942876849716523513287964286194735794653182 1.3447 157
952731648741682359638945127186324795324579816579168432465893271217456983893217564 1.2716 144
126754389398612547754398216679521438543867921281943675862135794415279863937486152 1.6161 244
248561739593247861167893254916432578324758196785916423651324987832179645479685312 0.9733 32
943857612862941753571236984486725139139684527257319846395162478724598361618473295 1.3413 183
781649325235817469946352871193426587628175934574938216359781642467293158812564793 3.5167 825
198756234276438951435129786962384517751962348843517629527641893684293175319875462 1.0170 47
185439627693257148247816593469385712358721964721694835814563279536972481972148356 2.4358 422
568439712917285463423617598134752986896341257275896134752168349649523871381974625 1.6070 230
645213798813976452297845613738159264461782539529634871152497386974368125386521947 1.1827 114
967415823214389567538267491496153782375928614821746935159872346643591278782634159 1.0672 48
267915348195348267834627915572891634918436572643572891426153789789264153351789426 2.5537 513
813645279465729183927831456581296347732458961694317528348162795156974832279583614 0.9513 19
927643815436518792158927436579164283641382957382759164764831529893275641215496378 1.0026 39
594231876321876954687495132478519263915362748263784591736158429152943687849627315 0.9609 13
217836495683954217549712386458169732721543968936287154894375621162498573375621849 2.7617 566
587246139634891275912735846859673412421958367376124958748362591195487623263519784 1.1677 103
763924851185637429942158763237596184418372596596841372354289617821763945679415238 1.1179 77
473856192569421783821739456298374615734615928615982347356198274187243569942567831 1.3374 153
137526984694387215825149367316492578479815632258763491942671853783954126561238749 0.9475 1
652947318497381625831652947289174563174536289365298174928465731713829456546713892 1.0508 70
851632947623974185497158623186547239932861574574293816245786391768319452319425768 1.1391 81
378251694912674538645983127834197265297568341561432789729345816186729453453816972 1.1324 118
178296534962354178543817629429735816681429753735681942297163485854972361316548297 4.9626 1559
719562843265438179843917652198274536472653918356891724937146285624785391581329467 1.2063 90
693274581428165397715938624549623718187549263362781459856497132234816975971352846 1.2882 127
673942158912578346485163792298431567764895213351627489526319874139784625847256931 2.8252 584
256491738471238569893765421534876192629143875718529643945387216162954387387612954 2.6651 532
491736582376582941285491376517269438834157629962348715149875263623914857758623194 1.1598 86
562719834897453612341862759259381476674295381183674295718946523936527148425138967 1.0658 84
258413967143967852796258134815376429962541378437829516374695281689132745521784693 1.7828 384
435179826917286354628354971241937568596418732873625149169743285382561497754892613 0.9287 1
385692741947183265162754893279861354518347926436925187891576432623418579754239618 1.9808 445
746395821521847936893261457234586179179432685658719342462978513315624798987153264 1.2301 125
925741386467938125813625947194356872672894513538172469751463298289517634346289751 2.3709 514
458763912627819345913425876842637159391582467765941283289156734574398621136274598 1.5583 288
519847623237916485864352719651239847478165392923784156342578961196423578785691234 1.4032 215
925614378734298615816735924479582136158963247263147859642359781597821463381476592 1.4229 205
894251736251736948736489251419827563368915427572643819923568174685174392147392685 1.0345 50
361582479258794613974631582513927846896345721742168935189453267627819354435276198 2.2318 570
581643297392785416674219538138927654465831972927456381849372165716594823253168749 7.3443 1959
267519438915843726384627159152964873736281594498735261571398642823456917649172385 1.6517 208
731826495945371826682459173874693251169582734253147968398715642517264389426938517 2.6963 567
175489623623157849498362175254713986986245731317698452832976514761534298549821367 0.9530 19
638251479147869532952347816215634987789125364463978125576483291394712658821596743 0.9530 27
465187293793625148218934756937251684846793521521468937654372819189546372372819465 0.9313 1
718243659542967138369815247951638472427159386836724591293471865174586923685392714 1.4366 228
358942617729561384641837592865723941934158276172496853287619435593274168416385729 2.3412 482
619723458352849167874651329261935784593487216487162935936514872725398641148276593 1.4152 188
283617495496582317715934826349258761572146938861379254638795142957421683124863579 1.7936 299
127435968354689271698712534912347685586291743743856129875963412239174856461528397 0.9392 1
215698734437521896968374512186745329392186457754932681623817945549263178871459263 2.1486 469
761984532328715496459263187875492613613578924942631758137849265594326871286157349 0.9513 1
594782163827136945631954278352698714418527639976341582263819457745263891189475326 3.8142 808
231849675957326148648751239786914523194532786523687914475268391319475862862193457 1.8802 285
693458217174923685582167394469271538217835946358649172726394851941582763835716429 1.1347 109
928471563147356982635289714791562348483197625256834197879645231514923876362718459 2.7337 570
932867145768514239514932876643728951287195364195643728351479682479286513826351497 1.8948 277
587319462162458937934672851619825743453796128728143596896531274345287619271964385 0.9665 33
576321984413859627289476351394265718827194536165783492632948175948517263751632849 1.2733 105
674258931852913746391647285429186357537492168168375429983521674215764893746839512 1.4196 135
246785913319264587587391246493812765765943821821576394172439658658127439934658172 1.6514 247
435921687978653124612748539249386715157294368863175492591867243786432951324519876 1.5487 249
832615974947283651561794283418937562753826149629451837275369418396148725184572396 1.1931 122
982136754364597182571842396856724913193658247427319568749285631235461879618973425 1.1587 102
431269578925781643867453129248536791653197284719842365186925437374618952592374816 1.9301 312
254176983197283654683594712712639845546812397839457261925361478361748529478925136 4.2965 983
436781592278539164915246387561374928892165743743892651354918276627453819189627435 2.8957 828
913472568658931742472586139295163874361748295847295316784329651536814927129657483 0.9457 1
687195234143682579952734816798356142435271698216948357364529781529817463871463925 0.9466 1
213498657874561329596237148462185793759643812138972465627819534981354276345726981 1.0935 82
453291768962387145187654239379512486546978312821436597615749823794823651238165974 0.9333 1
862359714593174826471862359327685491914237568658491237286713945745926183139548672 1.4843 200
427651983358947621961382574746135298289764135135298746593426817674819352812573469 6.7426 1908
763249185425138769891657342149823657576914238382576914218395476957461823634782591 1.2557 142
813269574495378612672451938586124793937685241241793865129836457754912386368547129 0.9328 1
948173526612845973735269481561497832824631759397528614456712398189354267273986145 1.9221 339
746953812539812647821467935154738269268591374397624158482376591973185426615249783 1.2820 128
691283745547169832283547961814735296375926184962418573728354619139672458456891327 1.5786 196
751649238283175964649823571428396715396517482517482693162934857875261349934758126 1.8916 386
635429781489317256712586943897241365326875419154963872948652137573198624261734598 5.6093 1541
734128695596347128821659374165293847983714562472865913259436781318972456647581239 1.0673 71
186794532352681974974235618423519786519876243768423159895142367241367895637958421 1.4433 273
357248619619537824284619375491862753862753941573194286138925467925476138746381592 1.0879 86
597268413682314957413579862835196274961742538724853691349627185258931746176485329 1.2579 126
694378125372519846581624937138795462927146358465283719259437681713862594846951273 1.6089 214
958643172723185964416972583549831627831726459267594318375418296692357841184269735 5.7835 1444
354172869129468753768935421297543186685217394413689572842356917971824635536791248 1.1943 132
148697523372548961956321478567983214419276385823154796691432857735819642284765139 2.2770 426
512486379684793521973125486451938267267514893839672154145269738326847915798351642 9.8836 3175
623718459147956238958423761586172394439865172271349586864531927795284613312697845 0.9339 1
451879623289536741637412895928357164143698572765241938894163257316725489572984316 0.9371 1
295864731174923856863175942941256387386749215527381694712438569639517428458692173 0.9330 1
589274361361958724742631598973126485154897632826543179635489217218765943497312856 0.9349 1
675142983183697245249358671734569812812734596596821734327486159951273468468915327 0.9742 44
831476592675219384942538167193782645456391278287645913328164759519827436764953821 2.7215 670
759432618431896257682157943397615824165248739824379561273961485548723196916584372 1.0534 77
736129458485736912192548637263875194941263785857914263678392541514687329329451876 1.3807 198
234865197618729543795314826982153764376248951541976238859631472123497685467582319 1.3319 183
945178326238469715617352984472916853591783462386524197769835241124697538853241679 1.1120 80
689452713245713689713698542891275364537864291462139875158926437926347158374581926 2.0318 341
581926347924537861376814592452678139867391425139245786798163254245789613613452978 4.3067 1241
431759862628134957957268431792843615864521793315976284146387529589412376273695148 1.0968 87
572918436364752891981634527193586742247391685856427913425179368638245179719863254 0.9454 1
814759263362418795579236481436125879125897634987643152743961528258374916691582347 1.2428 146
493521786176348592582769314327854169961273845854196237748635921635912478219487653 2.2708 487
317569428248713569956428731873152694125946873469387152794835216631274985582691347 1.1571 78
321786459945213768678495321192647835764538912583129647459372186237861594816954273 1.7441 301
853694217724185639961723485238976541697451823415832976372568194549217368186349752 0.9441 1
894765132127493856356812947518379624642158793739624518963547281475281369281936475 1.0398 77
673452981219837654485691273951274368368915742742386195827149536194563827536728419 1.2494 131
248957316795613824361284795127345968453869271986721453674198532532476189819532647 0.9410 1
217534896986712534345869217173948625498625173562371489834157962751296348629483751 10.0956 2830
189243657326715984547896231213479865978652413465138729634527198752981346891364572 0.9374 1
648375912735912648291468375914856723876123459523749861169284537357691284482537196 1.3128 151
128457963639128475475963821862719354397245186541386792754691238283574619916832547 0.9369 1
269875431548193672371642859415728963693451728782369145937516284156284397824937516 1.7834 328
624758391913426578758913462846235917231679845579841623392567184167384259485192736 0.9717 26
571286349923174865486593172817942653392658714654731928749365281165829437238417596 1.2509 114
975438216261975483483216957147562839632897541859143672724681395518329764396754128 2.9299 710
462573891938412576751869423347621985126985347895347612284756139513294768679138254 2.0611 301
937152846152648973864379152349821765281765439576934281628597314413286597795413628 2.5593 612
653421879948357612217689345379862451126745983485193726831276594792534168564918237 0.9896 45
254893167698715324713642589547381692926457831381926745169278453872534916435169278 1.3520 104
483671592259348617176952438865419723941237856327586149638125974594763281712894365 1.3423 152
725683941683491275149572683961825437374169528258734196592318764437956812816247359 0.9386 1
762814935389725641451693728528367194946158372173249586297581463814936257635472819 4.3676 935
341768259952143876678952431735296148486317592129485763264879315897531624513624987 0.9990 52
345876129687192534921543768198765243564239871732481956813627495476958312259314687 2.2040 416
754132896896745312231986745618397524425861973973524168182673459367459281549218637 1.0001 34
628794153473158692915632748859346217362571489147829536231487965784965321596213874 0.9991 42
971258634568437219342916875219873546783564192654192783126389457435721968897645321 1.2115 130
438961257259748631617532498596473182382196574174285369961327845723854916845619723 1.2010 129
847596231253741689169238457982164573416375928735982164671423895598617342324859716 1.0501 68
931652784485917362726834159894761523167523498253498617642179835579386241318245976 9.4256 2399
782135496365942871941867325578613249294758163136294587859471632623589714417326958 1.0456 68
685917324791243568234568791359724816816395472427186953178452639963871245542639187 1.3260 129
674928513153467829298351746531792468826514937947836251765283194382149675419675382 1.1183 101
458237169273916845691854723849521637527683491136479582365142978714398256982765314 2.7338 508
327196845156483729849725163532819476684357291791264538263578914478931652915642387 1.4005 189
582176394136495827974823516651789243423561978798234165317948652849652731265317489 1.0016 43
957316428618724593243985671425198367879563142361472985184259736592637814736841259 1.1510 134
561324789247918563839756214184579632672143958395862471723691845458237196916485327 2.6864 496
796145328814237596253986147378654912165392784942871653527469831439718265681523479 1.0091 55
153498267684257193279163458962781534817534926345926781796315842531842679428679315 1.7226 307
983174562514623789267859134426987315798315426135246897859732641372461958641598273 1.0601 85
618924357372651498549837216263548179854179623197263584985316742726485931431792865 1.3095 139
497218635368594721521736849719465283234189567685372194146927358853641972972853416 0.9869 39
831492567924756183675831492516379248783214956492685371147528639258963714369147825 1.1986 111
167394852395728461284561973419672385856143729732985146628439517573816294941257638 2.3316 449
695482713143679285827315946276538194381794562954126837412853679769241358538967421 1.0934 84
281679435679435182345821679197542368853716924426983517934267851562198743718354296 1.1816 87
529418637768923451314756892876542319293871546145639728631285974957164283482397165 1.1721 103
978653241356241798421978536564782319139465827287139654793824165842516973615397482 1.4451 180
458163297739842516126975438387694125241537689965281743613459872594728361872316954 1.0586 66
768132495235947816914568273583476921192853647476219358341625789827391564659784132 0.9531 12
962357814148269573735184926357926148281473659694815732529631487413798265876542391 1.1360 121
643982175192756384785134629934218567826597431571463298219675843367841952458329716 1.8220 333
981724365365981274472563189217895643536247918849316527724159836698432751153678492 2.9575 763
195847362842536179376219485689451237431728956257963841964372518723185694518694723 0.9993 44
529178463346952871718346592964523187153789624287461935835294716671835249492617358 1.0187 53
871235496932468175564971382216597834458312769397684521689143257745826913123759648 0.9495 1
561837492298654173374921685613742958985316724427598361732489516849165237156273849 1.0993 79
937682415826541937514793682362417598189265743475938261243856179791324856658179324 2.5839 593
583291674647853921912467853861529437395746182274138569438612795759384216126975348 0.9421 1
854732691327961548169485273732198456415673829986254137643519782278346915591827364 1.1988 154
458923617732641958916587432891456273273819546564372891647235189325198764189764325 0.9981 47
254619873691738425387425169513246987428957316976381254842563791169874532735192648 2.3403 396
683249175729516348514378962278461539146935287935782614457193826891624753362857491 1.0529 58
593248176284671953176539824417382569629457381835196247741925638362814795958763412 1.2019 112
321597684597846321846213975219378546654129837738654192485962713173485269962731458 1.0883 88
481739526379265814652841973564328791793156482218497635145983267936572148827614359 1.2071 84
123867594867594231945123786431659872659782143782431965276945318594318627318276459 2.5756 544
138794652742865319965123748359246871681357294274918536817639425593482167426571983 2.7502 567
174825639963174852582396174851943726627581493349267581218459367496738215735612948 1.1099 77
163428579729356148548791362237914685915867234486235791671549823892173456354682917 0.9493 1
481572963297631854635489721854196237172853496963724185726945318318267549549318672 0.9942 43
123768954785492613469135728257346189396581247841279365638924571914657832572813496 1.6118 70
586734129219658734437291658674389512398512467152476893945127386863945271721863945 1.3950 120
654827931913654287872139654746283195231965748598741326469512873125378469387496512 3.3652 710
513896274976234185428751963781349652265178349394625817837512496659483721142967538 1.4284 193
267458913458139762931672584143296857692785341875341296524917638719863425386524179 2.6274 550
462913758391875246758642193925184367814736529637259481579461832146328975283597614 1.2862 154
816945372432761598579382146258619437197423685643578219924836751381257964765194823 2.3908 437
468195327532476891179283456956814273347962518821537964685321749213749685794658132 1.3323 143
824937561739651842516824973148563297273149685695278314467382159982715436351496728 1.0963 71
291875634857436219436912857672358491514297386389164572723681945168549723945723168 1.4484 217
681392574745168392293547861352984716968713425174256938429871653536429187817635249 1.4713 176
215739864973468125684215739458697213796321548132854697549182376327546981861973452 1.3287 143
283169754475832916961754238528397641614285379739641582156423897342978165897516423 1.0379 60
348719652719265483562348197497683521683152974251497836926874315135926748874531269 1.7682 272
845762193291534876673918524916275438384196257527843961769421385452387619138659742 1.3780 162
593142768427968135618537249235671984176489352984253671752394816349816527861725493 1.1556 94
458976123971243856362815974723168549594732618186459237235687491817594362649321785 0.9541 1
927186543546932178381574962269458317713629854458317629834761295192845736675293481 1.1066 97
864375192357129648291486573129638457483517269576294831638751924715942386942863715 0.9366 1
127683459638594217549172863263417985481359672795268341916835724354726198872941536 1.8591 327
973524816258619347614873925431296758829457631765381492597148263382965174146732589 1.0383 58
169582374287349561435671892392165487518734629746928153821457936654293718973816245 2.3143 414
275438196436195728198762453319247685567981234824356971981623547743519862652874319 1.1260 100
532167894918245637764983152421358976853796241679421583145872369396514728287639415 5.5714 1236
368124759975386214214759836536497128149238675827561493753842961492615387681973542 2.5839 506
291685347685473921437219865128734659543926178769158234314592786952867413876341592 0.9631 17
795831246624957138183462579317285694542796381968143752851324967476519823239678415 1.2103 75
234986517715234689698157432586342971341798256972615348163579824827463195459821763 1.1005 77
786249351135687249924135786359861427261574938847392615678453192492718563513926874 1.6421 248
368524791927613548415798236839147652652839417174265983791486325583972164246351879 0.9541 22
865913427319472586274586913458267139193854762726139845642798351537641298981325674 1.6811 257
516829734289374615374165892637498251152736948498251376865917423921643587743582169 2.0368 418
967483125583127649421659738138296574745318962692745381354972816279861453816534297 1.4655 225
159246387264837951783951264376584129428169735915723846841375692537692418692418573 1.6564 214
635487921291563784847219365764128593182395647953674812318952476476831259529746138 1.4711 201
793546128182379456465128973621485739879213645354967281517632894236894517948751362 1.2548 128
349286157712954368856173924287349615493561872561728493174892536928635741635417289 1.0262 58
597213846284596317316847529923651784748932165651784293465178932172369458839425671 0.9502 1
482695317317842596956713284134986752879254163265137948728569431541378629693421875 2.5568 503
351278649964531728287496513842769351796153482513842976179384265625917834438625197 0.9576 17
657928431892134756431675298275346189918257364364819527583761942149582673726493815 1.1165 93
741362958589741632362958741936827514154639287827514369273486195495173826618295473 1.1802 117
358471629427963158691285347569738214142596783873124596915647832734852961286319475 0.9430 1
941526378375841926268793451432965817689217534517438692726389145194652783853174269 2.6110 587
714256983839714265625398471381425796257169348946837152462981537198573624573642819 1.6870 304
615372849734891526982465731468237195159684273273159468897526314346718952521943687 0.9296 1
389745162745612893261839754517428639493567218826391547654283971138976425972154386 1.7293 247
918245367523876491674193852136582974789614523245739618351928746892467135467351289 1.1738 87
752364819894715623136289475921643587643857192587921364368592741479138256215476938 5.2934 1203
658413297914762853372985614187234569569871432423596178746358921831629745295147386 0.9505 1
418596732569237184732481659627349518145728396893615247284173965376954821951862473 1.2176 117
573841962814269573926357814459726138367185429182934756231478695698512347745693281 1.9927 411
251867943674932851839415726568724139913658472742391568325179684497286315186543297 1.9200 310
428376519196452378537918624342769851851234796769185432973641285615827943284593167 1.1940 97
851239746293647518764815293918753624426198357375462189187324965649571832532986471 1.2599 103
514879632263451897789362514976528341431697258852134769145786923628943175397215486 1.1636 99
879613425524798163163425798791536842458172639236849571682357914915264387347981256 1.7349 340
184967523769523418352184697876459231493218765521736984935671842248395176617842359 0.9844 36
465879231327154698189362547543618972672495183891723456916537824758241369234986715 1.4714 227
416897523729351684385264917942683751571942368638715249163578492857429136294136875 1.1772 121
415273698879641253236859174627538941384916725591427386762184539158392467943765812 1.3044 180
581642739674931825932758416849215673215367984367489251196823547723594168458176392 1.1488 81
689175432523469871147238965458917326791623584236854719865341297972586143314792658 1.0052 50
156798324438625917279314685392456871541987263867132549723561498984273156615849732 2.7323 738
319872564287564193645193278598721346462385719173946852856219437921437685734658921 1.4036 224
918673542257894163436152789794385216583261497621947358365719824179428635842536971 1.5811 250
286513479514697238397248165825769341479321856631485927963152784748936512152874693 2.0720 399
854126937732495186916783452148357629295861743673249518329614875581972364467538291 1.0001 48
138462597527983641946751832874319265692845173315627489269574318781236954453198726 1.7992 387
319562784652478319487931526823745691961283457745196832178659243234817965596324178 1.9936 444
659843271483127596127569834748391652316254987295678143571932468864715329932486715 1.8995 385
519683274734129865682457319928514637157236948463798152275961483341872596896345721 1.4167 150
489263715715489326362571489596712843273894561841356297154627938627938154938145672 1.5785 251
716248935248359617953671824392584761571936248864712359139427586427865193685193472 1.1230 115
781293456932654718465817392326978541548136927179425863814769235657342189293581674 2.5587 469
381694752257831964649572813724916538835427196196385247963258471512743689478169325 1.3095 164
783549126126738954594621378618972543245386719379154682952867431431295867867413295 1.2814 122
514287693693154872728396514156739248247618359839425761362541987485972136971863425 1.1709 99
657483291283159746194672385729514863465328917831796452518937624976245138342861579 1.4755 160
132874695965132487784956132613289754249517863857643921576428319328791546491365278 1.0416 51
492875316875163924136294758984527631527316489613948275268431597341759862759682143 2.9396 682
546297318183456729972318645394761582617825934825934167438179256761582493259643871 4.1773 975
436972581815364279729815346942756138381249765657138924164523897593487612278691453 1.5347 258
713928654564371829289465173675142398938657241421893765197586432856234917342719586 2.0506 317
763924851925187634148563279284316597316759482579248163457632918831495726692871345 1.0466 57
297341658684275139531689724319468572725913846468752391956827413143596287872134965 1.5522 269
129478356654392718387156492872615934913847625465239187236984571741523869598761243 0.9795 32
249683175368571249157942863892417356635829417714365982971254638483796521526138794 1.7084 264
179258436852634971364179852296817543548963217731425689427386195915742368683591724 1.0196 61
746892315852314697139675428583961742274583961961427583328746159497158236615239874 1.4193 155
731489562852167943946253187193825674674391258528674319287916435315742896469538721 0.9356 1
164278953972534861358196472427961538836752194591483726289615347615347289743829615 7.7319 2203
627584391854391267391726548419673825736258914582419736165937482243865179978142653 1.0663 71
673192485251483976894576213945327861782651394316948752429865137168734529537219648 1.1752 137
158967423342815769679432581963741852815326947724598136286174395431659278597283614 1.7520 260
354216897987534612621978345718345926263891754549627138832759461196482573475163289 0.9950 44
791364825436825917582917364367248591259671438814539672943152786625783149178496253 1.0885 74
913246785248537196567198342795324618186975423324681579831452967452769831679813254 1.1271 84
456973821218456973379218465587692134692341587134785692765834219921567348843129756 1.0139 48
724639185963851427158472936386145792219763548475298613897316254631524879542987361 1.6125 232
589164372362597184174283596897431265643852917251976438725318649938645721416729853 1.3787 160
138762594524391867697854213812637459946518732753249186361425978275983641489176325 3.7669 1015
841769325763245891925138746214873659586491273379652184438517962692384517157926438 1.6049 266
425618937673249815891537642184376529236495781759182364947823156362751498518964273 1.0831 74
347685192265791834198324576816253749953467218724819365672148953581936427439572681 1.0607 65
329745618857162439416938275742619853538274961691853742273596184965481327184327596 1.0369 68
318427569467591238952836714876354192241968357593712486184675923735289641629143875 1.3052 162
163487592547692183982315764871243659634958271295176438359724816418569327726831945 0.9373 1
831549762276318495459267318918753624764182539325496187593871246187624953642935871 1.0524 71
527913684341685279698724531853279146164538792972146358786451923415392867239867415 1.0205 62
258367941367914852914825367432679185796581234185243796623158479579432618841796523 1.3573 175
