649123587813597462275684193132875649598246371764931258951368724426719835387452916 23.1233 3522
678932415531487629294615738386174952925368174417529863143856297759241386862793541 18.2921 2546
856942731713865924942317856478253169395671248621489573267138495584796312139524687 81.5296 21710
745982631613754982289316745867243159394561827521879463956138274472695318138427596 308.3960 86529
962481537714953286835672194641829753579136428283547619428365971156798342397214865 14.1508 3850
927614538856237149413895267579381426168472953234956871741568392695123784382749615 103.7078 27735
328614759976235148415978263587391426169482537234756981841569372653127894792843615 160.7734 44130
281659734359247186647138295594713628832964517176825349723486951465391872918572463 547.5230 164760
528714369967238145413956278685391427179482653234567981841679532756123894392845716 65.2396 17534
328714659957236148416958273685391427179482365234567981841679532763125894592843716 167.5213 48085
342657891718349526569812347981276453453198672276435918695723184137584269824961735 19.5286 5342
514768923236591847798423516685374291142986735973215468357142689829637154461859372 13.4388 4078
518926734964357281273148659852471396697235148341869527486512973729683415135794862 89.5927 28828
125436798637891245984725163218567934496283517573914826359672481762148359841359672 190.5578 57484
124536798685791423937842156518467932496283517273915864359674281762158349841329675 326.0325 94729
432716859598423671716598342351649287849237165627851934974382516285164793163975428 2.8820 596
432716895895423671716598342381649257549237168627851934974382516253164789168975423 2.7618 612
942186753185379426673452918718593642459628371326714895297831564534267189861945237 3.2703 552
159632874276841395438759162542973681613528749987416253364285917791364528825197436 121.7583 35620
792351648543786129681429537157648293924137865836295471368572914419863752275914386 614.6344 178331
126853479978412536354796821895231647431678295267945183649527318783164952512389764 165.3771 49835
156874932879352461234619587413295876782436195965187243641728359398561724527943618 17.2404 4413
293768145164359872785421963531846729879132456426975318957613284342587691618294537 1.6548 281
351926847728534691964817325892651473547398162613742589236475918479183256185269734 166.6949 46802
378591462459236781126748953931682547285479316647315829514967238893124675762853194 29.0238 9032
574823961196745238823961547487296315639517482215438679941682753768359124352174896 0.9065 1
549871263632459187178263459914385726753126894286794531861942375325617948497538612 63.8349 18557
523971684817643952946582731754128396639457128182396547491865273268739415375214869 0.9092 1
548691372936427581127538694251786439689354217374912856413275968892163745765849123 9.9230 2675
645981273732465198189273465214396857893157624567824931971542386326718549458639712 3.6200 664
654298731297314586381567942129485673768931254543726198832179465476852319915643827 0.9386 10
625974831719863452384125697841296375573418269962537184136749528498352716257681943 13.7164 3806
639851472458237691127649853381792546295486317746513928514378269963124785872965134 19.8042 6007
785246319341985672296317854423591768568724931917638425654179283872453196139862547 17.2423 5255
792683145135497286864215397346128759971354862258976413523849671419762538687531924 26.6170 6850
