649123587813597462275684193132875649598246371764931258951368724426719835387452916 1.8649 175
678932415531487629294615738386174952925368174417529863143856297759241386862793541 2.7960 245
856942731713865924942317856478253169395671248621489573267138495584796312139524687 6.4885 410
745982631613754982289316745867243159394561827521879463956138274472695318138427596 2.0239 133
962481537714953286835672194641829753579136428283547619428365971156798342397214865 0.9850 11
927614538856237149413895267579381426168472953234956871741568392695123784382749615 1.5296 65
328614759976235148415978263587391426169482537234756981841569372653127894792843615 1.3488 69
281659734359247186647138295594713628832964517176825349723486951465391872918572463 9.0975 959
528714369967238145413956278685391427179482653234567981841679532756123894392845716 4.0827 380
328714659957236148416958273685391427179482365234567981841679532763125894592843716 1.1210 35
342657891718349526569812347981276453453198672276435918695723184137584269824961735 4.6832 436
514768923236591847798423516685374291142986735973215468357142689829637154461859372 1.0304 8
518926734964357281273148659852471396697235148341869527486512973729683415135794862 2.6550 218
125436798637891245984725163218567934496283517573914826359672481762148359841359672 3.2020 247
124536798685791423937842156518467932496283517273915864359674281762158349841329675 1.0302 36
432716859598423671716598342351649287849237165627851934974382516285164793163975428 0.9269 4
432716895895423671716598342381649257549237168627851934974382516253164789168975423 1.1033 30
942186753185379426673452918718593642459628371326714895297831564534267189861945237 0.9793 8
159632874276841395438759162542973681613528749987416253364285917791364528825197436 2.0779 134
792351648543786129681429537157648293924137865836295471368572914419863752275914386 7.0386 706
126853479978412536354796821895231647431678295267945183649527318783164952512389764 3.6515 347
156874932879352461234619587413295876782436195965187243641728359398561724527943618 1.5389 89
293768145164359872785421963531846729879132456426975318957613284342587691618294537 2.0024 140
351926847728534691964817325892651473547398162613742589236475918479183256185269734 11.5849 1376
378591462459236781126748953931682547285479316647315829514967238893124675762853194 3.8992 383
574823961196745238823961547487296315639517482215438679941682753768359124352174896 0.9067 1
549871263632459187178263459914385726753126894286794531861942375325617948497538612 1.2813 43
523971684817643952946582731754128396639457128182396547491865273268739415375214869 0.9098 1
548691372936427581127538694251786439689354217374912856413275968892163745765849123 0.9159 5
645981273732465198189273465214396857893157624567824931971542386326718549458639712 3.0218 235
654298731297314586381567942129485673768931254543726198832179465476852319915643827 0.9083 4
625974831719863452384125697841296375573418269962537184136749528498352716257681943 0.9711 7
639851472458237691127649853381792546295486317746513928514378269963124785872965134 2.0950 151
785246319341985672296317854423591768568724931917638425654179283872453196139862547 1.0560 26
792683145135497286864215397346128759971354862258976413523849671419762538687531924 1.3617 68
