527316489896542731314987562172453896689271354453698217941825673765134928238769145 4.5715 512
417369825632158947958724316825437169791586432346912758289643571573291684164875293 11.6179 1539
487312695593684271126597384735849162914265837268731549851476923379128456642953718 26.3219 2811
617459823248736915539128467982564371374291586156873294823647159791385642465912738 2.0944 155
842715963573962841196834257768591432235487196419623578687249315354178629921356784 5.3094 398
416837529982465371735129468571298643293746185864351297647913852359682714128574936 9.5714 1269
178569342643721985925483761854312697712946853396857124431298576269175438587634219 3.1838 475
925371486163498725874562391542689137618753942739124658487915263351246879296837514 4.0855 490
123456789456798213789213564234675891671839425895124637348967152562341978917582346 2.5551 212
614382579953764812827591436742635198168279354395418627286157943579843261431926785 6.9707 863
123456789456789132789231546238695471594317268617842953362974815875123694941568327 2.2614 141
123457689456189327789326451291538764375694218864712935542961873617843592938275146 1.5203 135
863521794127496853954387621645839172739142568281765439498653217512974386376218945 1.9240 164
682154379951763842374892165437528916816937254295416738568271493729345681143689527 10.4906 1256
682153479951764832374892165437528916816947253295316748568271394729435681143689527 3.0704 225
123457689456189273789263451265398714318742965974615832597834126642571398831926547 1.3175 75
123457689456189273789263451231678594675942138948531762312796845597814326864325917 3.2737 348
498716523257839461136425987971382654684157392523694718765241839319578246842963175 19.4516 1547
458276931623891475197534286371452698269783154845169327712948563986315742534627819 8.5521 1112
152738946864291375973645281216357498348912567597486123421863759639574812785129634 1.2094 50
962314857134587269578296413847962531651873942329145786285639174793451628416728395 8.5130 1024
123759486874261593965384721216543978357896142498127365532478619641932857789615234 1.5573 133
845197362617235498239486517781342659364579821952861734573918246126754983498623175 1.0980 13
476529183895173624321864795517398246289645371634712958752431869168957432943286517 3.4832 315
351846729287319645694725183168534972725198364943267518516483297832971456479652831 2.2564 227
129576348376428519584391627293815764417263895865749132958632471731984256642157983 2.0931 149
132479658847563291956281347413725869528196473769348125271854936394617582685932714 1.3260 123
518476239427359618963821574795248361832617945146935827379564182651782493284193756 1.7590 122
123457689456189273789263514234516798675938142918742365341695827562874931897321456 4.8846 479
417369825638125947952748316825437169791856432346912758284693571573281694169574283 0.9724 13
124597368369428517587361924293815746416273895875946132958632471631784259742159683 2.2824 211
792351648543786129681429537157648293924137865836295471368572914419863752275914386 28.0063 2741
123457689456189273789362451241576398378941526695238714517693842832714965964825137 2.4583 171
132467895957381246864529731429673158578912364613854972385296417241735689796148523 2.3547 165
249865173531974268867132495423786519986251347715349826692518734354627981178493652 1.2446 32
124397856835641297967825341241538769583769412679412538312974685498256173756183924 2.1478 176
467135289238964517951728346875349621124576938396281754742893165589612473613457892 5.0578 552
356871294972643851841952736213465987794318625685297413128736549569184372437529168 4.0533 519
123456789456789132789231546294568317361947825578123964617894253845372691932615478 3.0353 283
124597863937648215856231749513786492482913657769425138698374521341852976275169384 2.4827 268
872459631154683972963721485216834759549217368738596124481362597627945813395178246 0.9355 10
652481937834679152971325864467812593315794628298563471186937245523146789749258316 1.9355 119
123457689456189273789326415291568347674913852835274961348795126562831794917642538 1.8246 156
125976348369428517784351926253817694416293875897645132978532461631784259542169783 2.2007 172
783465219421973658965281734347128596198546327652397481216854973534719862879632145 2.8067 246
781942365324576918659831724815723496936154872247698153578369241162487539493215687 3.0985 307
219675843865439721743281596936512487157348962428967135382754619671893254594126378 1.1473 41
253479861761238594894516732326791458915824376487653219548167923132985647679342185 4.3494 494
836521947142379586975648321364892715259167438781435269598214673413756892627983154 1.1980 57
254379861761248593893516742326791458915824376487653219538167924142985637679432185 3.3141 267
723469851651238794894715632375691428912874365486523917248356179137982546569147283 1.4396 76
215876943678394215349125876587432169463981752192657384826743591734519628951268437 2.2900 178
724369851651248793893715642375691428912874365486523917238456179147982536569137284 1.5743 80
349526871521897643876413529718369254465281397932745186654178932187932465293654718 1.8031 134
538127946624839751719645382965314827381762594247598163493281675856473219172956438 2.1121 195
417369528839125746652748319925837461741956832386412957294683175573291684168574293 2.5075 315
123457689456189327789362145218973456634825791975641238347518962561294873892736514 1.7387 106
871329465254168937936574182685743219429651378713982546547216893192837654368495721 1.8499 126
748392165369514728125876943932147856687235419514689372853461297476923581291758634 2.7625 223
135426987846957321927381465213748659598163742674295813351674298482539176769812534 2.3363 178
731285496429631587856947123264153978317896245598472361143769852682514739975328614 2.6822 232
385621497179584326426739518762395841534812769891476253917253684243168975658947132 2.9702 284
156873942897245136423691587935162478678459213241738659319527864562384791784916325 1.0695 25
128479653953126874467358912891265347635714298274893165789531426546982731312647589 1.3920 97
427593186315862479968174325659328714731649852284751963593287641842916537176435298 3.0971 286
632895714897431625451762839923178546186954273745326198578249361214683957369517482 2.6736 249
143587962852496731976321584214675398635819427789243615321764859468952173597138246 1.6480 89
947582361863471952152639784624813579738295416519764823285946137396157248471328695 1.1086 19
316587294758924316924631875245196783637248951891753642463819527182375469579462138 3.7506 330
534271869786935124192864735468527391253196478917483256825349617641752983379618542 1.8354 154
618342579943765182527891436752634891861279354394518627286157943179483265435926718 2.3294 181
748591326195623847263487519421936758356874291987152634832749165679215483514368972 14.3947 1551
123456789456789123789123465237514698641938572895672314364297851572841936918365247 2.4212 241
678524319431689527925731864867412953392856741514397286189243675753168492246975138 2.7590 254
123456789456789123789123564215694837397815246864237915548961372631572498972348651 1.8775 134
126739845847625391935481762213864579654973218798512436361248957489157623572396184 1.6213 117
123457689456189273789326451241765938697832145835941762318274596572693814964518327 1.9223 136
123456789456789132789213645264375891875941326931862574317694258542138967698527413 1.1935 45
123456789456789123789132546231675894675948312948321675312597468597864231864213957 1.3201 57
956327841127486395834951267548739612271864539369215478793548126415692783682173954 1.5178 90
538219746962874531174356298283497615741568329695123874329645187857931462416782953 2.9630 242
957261384846537921123489567734926815295814736618375492572198643481653279369742158 1.9746 216
581794632423615978976283145859362417137548269642971583398156724215437896764829351 1.8780 131
123456789456798132789231546245387961318629475697514823574163298861942357932875614 1.8319 143
826139547713452869495876132564213978932768451187594326671385294258947613349621785 0.9744 9
123456789456789132789213546235978614874621953961534278342165897597842361618397425 2.2181 164
137926485964587231825341967241895673673412598589673142758164329396258714412739856 2.4516 317
127365489853491276964278351231756894548932617679184523312547968485619732796823145 3.6398 286
174589362953261784862347951219673845387415296546928173628194537495732618731856429 1.0199 18
345671298987253146621984573264795831573816429198432657836529714712348965459167382 1.7131 119
654312879913876452827495136742638591165729384398541627286157943471983265539264718 2.9891 268
