527316489896542731314987562172453896689271354453698217941825673765134928238769145 1490.8914 455347
417369825632158947958724316825437169791586432346912758289643571573291684164875293 322.5029 98088
487312695593684271126597384735849162914265837268731549851476923379128456642953718 1334.0041 411885
617459823248736915539128467982564371374291586156873294823647159791385642465912738 745.3045 220412
842715963573962841196834257768591432235487196419623578687249315354178629921356784 13.0004 3800
416837529982465371735129468571298643293746185864351297647913852359682714128574936 299.5675 108460
178569342643721985925483761854312697712946853396857124431298576269175438587634219 45.4306 16046
925371486163498725874562391542689137618753942739124658487915263351246879296837514 29.3333 8917
123456789456798213789213564234675891671839425895124637348967152562341978917582346 9.7061 2626
614382579953764812827591436742635198168279354395418627286157943579843261431926785 105.7259 28945
123456789456789132789231546238695471594317268617842953362974815875123694941568327 3.2626 879
123457689456189327789326451291538764375694218864712935542961873617843592938275146 59.5883 20896
863521794127496853954387621645839172739142568281765439498653217512974386376218945 7.4432 2289
682154379951763842374892165437528916816937254295416738568271493729345681143689527 272.6424 82248
682153479951764832374892165437528916816947253295316748568271394729435681143689527 228.2067 70676
123457689456189273789263451265398714318742965974615832597834126642571398831926547 15.0917 5153
123457689456189273789263451231678594675942138948531762312796845597814326864325917 13.6755 4812
498716523257839461136425987971382654684157392523694718765241839319578246842963175 59.1041 16057
458276931623891475197534286371452698269783154845169327712948563986315742534627819 25.9904 8265
152738946864291375973645281216357498348912567597486123421863759639574812785129634 12.1708 3810
962314857134587269578296413847962531651873942329145786285639174793451628416728395 526.8322 173135
123759486874261593965384721216543978357896142498127365532478619641932857789615234 7.5038 2437
845197362617235498239486517781342659364579821952861734573918246126754983498623175 63.5932 18625
476529183895173624321864795517398246289645371634712958752431869168957432943286517 15.9145 4780
351846729287319645694725183168534972725198364943267518516483297832971456479652831 11.8023 3981
129576348376428519584391627293815764417263895865749132958632471731984256642157983 69.9579 21683
132479658847563291956281347413725869528196473769348125271854936394617582685932714 8.3509 2693
518476239427359618963821574795248361832617945146935827379564182651782493284193756 5.1478 1349
123457689456189273789263514234516798675938142918742365341695827562874931897321456 10.1751 2731
417369825638125947952748316825437169791856432346912758284693571573281694169574283 51.4047 19658
124597368369428517587361924293815746416273895875946132958632471631784259742159683 84.1932 27758
792351648543786129681429537157648293924137865836295471368572914419863752275914386 210.1601 63119
123457689456189273789362451241576398378941526695238714517693842832714965964825137 18.2434 5041
132467895957381246864529731429673158578912364613854972385296417241735689796148523 6.4845 1812
249865173531974268867132495423786519986251347715349826692518734354627981178493652 22.9884 6510
124397856835641297967825341241538769583769412679412538312974685498256173756183924 22.4582 7151
467135289238964517951728346875349621124576938396281754742893165589612473613457892 37.9835 11325
356871294972643851841952736213465987794318625685297413128736549569184372437529168 1025.6688 264182
123456789456789132789231546294568317361947825578123964617894253845372691932615478 11.5582 3182
124597863937648215856231749513786492482913657769425138698374521341852976275169384 6.0723 1911
872459631154683972963721485216834759549217368738596124481362597627945813395178246 11.8068 3138
652481937834679152971325864467812593315794628298563471186937245523146789749258316 23.3869 6941
123457689456189273789326415291568347674913852835274961348795126562831794917642538 5.9838 1567
125976348369428517784351926253817694416293875897645132978532461631784259542169783 58.0173 14511
783465219421973658965281734347128596198546327652397481216854973534719862879632145 7.9730 2024
781942365324576918659831724815723496936154872247698153578369241162487539493215687 291.2577 95789
219675843865439721743281596936512487157348962428967135382754619671893254594126378 19.8505 6795
253479861761238594894516732326791458915824376487653219548167923132985647679342185 82.0212 31038
836521947142379586975648321364892715259167438781435269598214673413756892627983154 9.6920 3119
254379861761248593893516742326791458915824376487653219538167924142985637679432185 119.2078 45657
723469851651238794894715632375691428912874365486523917248356179137982546569147283 55.4638 19019
215876943678394215349125876587432169463981752192657384826743591734519628951268437 7.7061 2212
724369851651248793893715642375691428912874365486523917238456179147982536569137284 34.5306 12705
349526871521897643876413529718369254465281397932745186654178932187932465293654718 117.8818 40385
538127946624839751719645382965314827381762594247598163493281675856473219172956438 7.0085 2176
417369528839125746652748319925837461741956832386412957294683175573291684168574293 87.4683 35319
123457689456189327789362145218973456634825791975641238347518962561294873892736514 48.0719 14453
871329465254168937936574182685743219429651378713982546547216893192837654368495721 10.5767 3222
748392165369514728125876943932147856687235419514689372853461297476923581291758634 65.2272 17479
135426987846957321927381465213748659598163742674295813351674298482539176769812534 290.2103 86278
731285496429631587856947123264153978317896245598472361143769852682514739975328614 8.8631 2070
385621497179584326426739518762395841534812769891476253917253684243168975658947132 55.6003 18614
156873942897245136423691587935162478678459213241738659319527864562384791784916325 13.4995 4048
128479653953126874467358912891265347635714298274893165789531426546982731312647589 8.4950 2511
427593186315862479968174325659328714731649852284751963593287641842916537176435298 21.5596 6193
632895714897431625451762839923178546186954273745326198578249361214683957369517482 3.7497 1005
143587962852496731976321584214675398635819427789243615321764859468952173597138246 7.4487 1647
947582361863471952152639784624813579738295416519764823285946137396157248471328695 25.9934 8786
316587294758924316924631875245196783637248951891753642463819527182375469579462138 78.3071 20299
534271869786935124192864735468527391253196478917483256825349617641752983379618542 7.8068 2346
618342579943765182527891436752634891861279354394518627286157943179483265435926718 6.1054 1521
748591326195623847263487519421936758356874291987152634832749165679215483514368972 112.3704 35590
123456789456789123789123465237514698641938572895672314364297851572841936918365247 7.2467 2061
678524319431689527925731864867412953392856741514397286189243675753168492246975138 6.5464 1822
123456789456789123789123564215694837397815246864237915548961372631572498972348651 14.9370 4665
126739845847625391935481762213864579654973218798512436361248957489157623572396184 19.1442 6246
123457689456189273789326451241765938697832145835941762318274596572693814964518327 2.8509 609
123456789456789132789213645264375891875941326931862574317694258542138967698527413 15.2906 4526
123456789456789123789132546231675894675948312948321675312597468597864231864213957 9.1088 2730
956327841127486395834951267548739612271864539369215478793548126415692783682173954 5.2973 1409
538219746962874531174356298283497615741568329695123874329645187857931462416782953 18.9832 5106
957261384846537921123489567734926815295814736618375492572198643481653279369742158 6.4668 1989
581794632423615978976283145859362417137548269642971583398156724215437896764829351 6.4248 1536
123456789456798132789231546245387961318629475697514823574163298861942357932875614 8.0624 2275
826139547713452869495876132564213978932768451187594326671385294258947613349621785 46.6322 15262
123456789456789132789213546235978614874621953961534278342165897597842361618397425 11.4475 3154
137926485964587231825341967241895673673412598589673142758164329396258714412739856 20.9461 6360
127365489853491276964278351231756894548932617679184523312547968485619732796823145 17.6125 4835
174589362953261784862347951219673845387415296546928173628194537495732618731856429 47.1174 13724
345671298987253146621984573264795831573816429198432657836529714712348965459167382 9.9889 2941
654312879913876452827495136742638591165729384398541627286157943471983265539264718 79.1107 24910
