527316489896542731314987562172453896689271354453698217941825673765134928238769145 34.9070 9950
417369825632158947958724316825437169791586432346912758289643571573291684164875293 565.7810 158249
487312695593684271126597384735849162914265837268731549851476923379128456642953718 59.9256 16470
617459823248736915539128467982564371374291586156873294823647159791385642465912738 166.8877 45156
842715963573962841196834257768591432235487196419623578687249315354178629921356784 17.5972 4650
416837529982465371735129468571298643293746185864351297647913852359682714128574936 59.4342 17918
178569342643721985925483761854312697712946853396857124431298576269175438587634219 37.7071 12264
925371486163498725874562391542689137618753942739124658487915263351246879296837514 20.5674 4933
123456789456798213789213564234675891671839425895124637348967152562341978917582346 36.3836 9527
614382579953764812827591436742635198168279354395418627286157943579843261431926785 65.3215 20394
123456789456789132789231546238695471594317268617842953362974815875123694941568327 35.2312 9975
123457689456189327789326451291538764375694218864712935542961873617843592938275146 9.0082 2744
863521794127496853954387621645839172739142568281765439498653217512974386376218945 14.2932 3831
682154379951763842374892165437528916816937254295416738568271493729345681143689527 230.6456 62787
682153479951764832374892165437528916816947253295316748568271394729435681143689527 18.7892 5554
123457689456189273789263451265398714318742965974615832597834126642571398831926547 4.5415 1168
123457689456189273789263451231678594675942138948531762312796845597814326864325917 1.7486 320
498716523257839461136425987971382654684157392523694718765241839319578246842963175 635.3740 155738
458276931623891475197534286371452698269783154845169327712948563986315742534627819 224.4066 62446
152738946864291375973645281216357498348912567597486123421863759639574812785129634 5.0062 1316
962314857134587269578296413847962531651873942329145786285639174793451628416728395 1053.8468 307663
123759486874261593965384721216543978357896142498127365532478619641932857789615234 10.1941 2817
845197362617235498239486517781342659364579821952861734573918246126754983498623175 9.7646 2411
476529183895173624321864795517398246289645371634712958752431869168957432943286517 6.6165 1652
351846729287319645694725183168534972725198364943267518516483297832971456479652831 6.2510 1649
129576348376428519584391627293815764417263895865749132958632471731984256642157983 52.5841 15654
132479658847563291956281347413725869528196473769348125271854936394617582685932714 6.4748 1802
518476239427359618963821574795248361832617945146935827379564182651782493284193756 6.3212 1692
123457689456189273789263514234516798675938142918742365341695827562874931897321456 35.7456 9795
417369825638125947952748316825437169791856432346912758284693571573281694169574283 100.5172 37240
124597368369428517587361924293815746416273895875946132958632471631784259742159683 37.5109 10881
792351648543786129681429537157648293924137865836295471368572914419863752275914386 735.6566 178331
123457689456189273789362451241576398378941526695238714517693842832714965964825137 9.9392 2281
132467895957381246864529731429673158578912364613854972385296417241735689796148523 7.7661 1978
249865173531974268867132495423786519986251347715349826692518734354627981178493652 11.9776 2392
124397856835641297967825341241538769583769412679412538312974685498256173756183924 4.2207 833
467135289238964517951728346875349621124576938396281754742893165589612473613457892 54.6072 14408
356871294972643851841952736213465987794318625685297413128736549569184372437529168 819.2406 216220
123456789456789132789231546294568317361947825578123964617894253845372691932615478 38.1812 9924
124597863937648215856231749513786492482913657769425138698374521341852976275169384 22.5887 6670
872459631154683972963721485216834759549217368738596124481362597627945813395178246 9.7252 2305
652481937834679152971325864467812593315794628298563471186937245523146789749258316 529.4080 151917
123457689456189273789326415291568347674913852835274961348795126562831794917642538 11.1152 3116
125976348369428517784351926253817694416293875897645132978532461631784259542169783 21.7668 6223
783465219421973658965281734347128596198546327652397481216854973534719862879632145 16.9809 4461
781942365324576918659831724815723496936154872247698153578369241162487539493215687 83.9726 23369
219675843865439721743281596936512487157348962428967135382754619671893254594126378 25.1327 7746
253479861761238594894516732326791458915824376487653219548167923132985647679342185 1.7435 242
836521947142379586975648321364892715259167438781435269598214673413756892627983154 1.8333 279
254379861761248593893516742326791458915824376487653219538167924142985637679432185 4.4545 1281
723469851651238794894715632375691428912874365486523917248356179137982546569147283 26.6656 9542
215876943678394215349125876587432169463981752192657384826743591734519628951268437 2.6844 529
724369851651248793893715642375691428912874365486523917238456179147982536569137284 26.9117 8970
349526871521897643876413529718369254465281397932745186654178932187932465293654718 43.6135 13219
538127946624839751719645382965314827381762594247598163493281675856473219172956438 1.7517 261
417369528839125746652748319925837461741956832386412957294683175573291684168574293 69.6678 25934
123457689456189327789362145218973456634825791975641238347518962561294873892736514 0.9917 29
871329465254168937936574182685743219429651378713982546547216893192837654368495721 10.7933 2685
748392165369514728125876943932147856687235419514689372853461297476923581291758634 13.0581 2758
135426987846957321927381465213748659598163742674295813351674298482539176769812534 90.7154 24463
731285496429631587856947123264153978317896245598472361143769852682514739975328614 29.4304 7437
385621497179584326426739518762395841534812769891476253917253684243168975658947132 38.8232 10929
156873942897245136423691587935162478678459213241738659319527864562384791784916325 18.4680 4607
128479653953126874467358912891265347635714298274893165789531426546982731312647589 1.0932 38
427593186315862479968174325659328714731649852284751963593287641842916537176435298 5.1863 1217
632895714897431625451762839923178546186954273745326198578249361214683957369517482 6.4515 1728
143587962852496731976321584214675398635819427789243615321764859468952173597138246 22.4911 4817
947582361863471952152639784624813579738295416519764823285946137396157248471328695 0.9267 2
316587294758924316924631875245196783637248951891753642463819527182375469579462138 17.3153 3700
534271869786935124192864735468527391253196478917483256825349617641752983379618542 1.6901 290
618342579943765182527891436752634891861279354394518627286157943179483265435926718 32.1802 8677
748591326195623847263487519421936758356874291987152634832749165679215483514368972 110.3014 29699
123456789456789123789123465237514698641938572895672314364297851572841936918365247 1.1156 34
678524319431689527925731864867412953392856741514397286189243675753168492246975138 11.5497 3539
123456789456789123789123564215694837397815246864237915548961372631572498972348651 16.0539 4412
126739845847625391935481762213864579654973218798512436361248957489157623572396184 9.4010 2471
123457689456189273789326451241765938697832145835941762318274596572693814964518327 6.6725 1596
123456789456789132789213645264375891875941326931862574317694258542138967698527413 2.6571 528
123456789456789123789132546231675894675948312948321675312597468597864231864213957 33.2685 9998
956327841127486395834951267548739612271864539369215478793548126415692783682173954 2.3521 411
538219746962874531174356298283497615741568329695123874329645187857931462416782953 14.3203 3540
957261384846537921123489567734926815295814736618375492572198643481653279369742158 2.5191 425
581794632423615978976283145859362417137548269642971583398156724215437896764829351 7.8228 1995
123456789456798132789231546245387961318629475697514823574163298861942357932875614 3.6849 824
826139547713452869495876132564213978932768451187594326671385294258947613349621785 23.0145 6895
123456789456789132789213546235978614874621953961534278342165897597842361618397425 4.6473 898
137926485964587231825341967241895673673412598589673142758164329396258714412739856 14.6671 3732
127365489853491276964278351231756894548932617679184523312547968485619732796823145 39.6078 10189
174589362953261784862347951219673845387415296546928173628194537495732618731856429 84.1914 19707
345671298987253146621984573264795831573816429198432657836529714712348965459167382 8.7645 2275
654312879913876452827495136742638591165729384398541627286157943471983265539264718 10.3161 2936
